2 0 0.44685509375 0.0430817546875 0.5234158203125 0.23352492812499998 0.5462211031249999 0.326803315625 0.50386839375 0.4978135 0.526673675 0.626071321875 0.5494790171874999 0.8476073875000001 0.5690264484374999 0.9875248265625001 0.51852891875 0.9816948671875 0.42893659375000004 0.787365015625 0.38169703906249997 0.6474475765625 0.3702943671875 0.4045352609375 0.35237592812499996 0.2510146421875 0.3165389875 0.18494246406249998 0.3442311703125 0.08583426562499999 0.3556337828125 0.025592040625 0.3930997140625 0 0.44685509375
0 0.509375 0.446875 0.98125 0.365625
5 0.8514939234375 0.31165214531249996 0.8534373421874999 0.270928359375 0.80709421875 0.23239723437499998 0.7815350609375 0.2660414578125 0.8009680453125 0.310023153125 0.8514939234375 0.31165214531249996
5 0.46278060156249995 0.10328327343749999 0.44615462812500006 0.06147351718750001 0.39929956093749996 0.0538717515625 0.37965060781250004 0.0779440296875 0.418948515625 0.107084175 0.46278060156249995 0.10328327343749999
5 0.6774071984375001 0.0602065640625 0.6774071984375001 0.0792109953125 0.737865378125 0.0868127734375 0.7423997859375 0.05767264062500001 0.7061248578125 0.048803896875 0.6774071984375001 0.0602065640625
5 0.9131941843750001 0.2097080890625 0.9328429078125 0.19323764062499998 0.9116826375 0.159029603125 0.885987959375 0.17930100468750002 0.8844764125 0.2021063375 0.9131941843750001 0.2097080890625
5 0.1211919234375 0.0107950421875 0.0948601328125 0.012978790625 0.092474265625 0.029799465625 0.106077378125 0.037401265625 0.13328360781249998 0.031066453124999997 0.1211919234375 0.0107950421875
5 0.0419500765625 0.0335549234375 0.0199245203125 0.0500708890625 0.028993225 0.056405696875 0.054687907812500006 0.0513378296875 0.0419500765625 0.0335549234375
5 0.11816906093749999 0.052604785937499995 0.128873734375 0.060462170312499994 0.14084087812499999 0.0500708890625 0.130260628125 0.0348673203125 0.1045659484375 0.0348673203125 0.11816906093749999 0.052604785937499995
5 0.37965060781250004 0.2046402484375 0.3962766984375 0.17550012343750002 0.34791008749999996 0.16029656875 0.31027963281250004 0.1570117140625 0.316169565625 0.18310190625 0.3463986578125 0.1983054359375 0.37965060781250004 0.2046402484375
5 0.1604897140625 0.099482396875 0.128873734375 0.1016144359375 0.1227033578125 0.12608860625 0.14084087812499999 0.12988948281249998 0.1574668515625 0.11975379531250001 0.1604897140625 0.099482396875
5 0.1620012609375 0.1463599828125 0.18769594375 0.15649569218749998 0.1893423671875 0.134852803125 0.17711580625 0.11721986250000001 0.16351269375 0.1362242953125 0.1620012609375 0.1463599828125
5 0 0.18056801718749999 0.028993225 0.1856358125 0.038061928125 0.17550012343750002 0.0154950515625 0.149097815625 0 0.14382607187500002 0 0.18056801718749999
5 0.1453751734375 0.22364467968750001 0.14839814843750002 0.203373278125 0.1378178984375 0.1919706234375 0.11375658125000002 0.191832859375 0.10305451562500001 0.20590726093749998 0.1045659484375 0.22997949218749997 0.1453751734375 0.22364467968750001
5 0.40987969843750005 0.264187478125 0.367559040625 0.24011520156250002 0.340352815625 0.252784825 0.3463986578125 0.288259778125 0.37965060781250004 0.3021963421875 0.40987969843750005 0.264187478125
5 0.6305521374999999 0.159029603125 0.650200975 0.1400251703125 0.622071015625 0.1190250078125 0.6199718875 0.1058172046875 0.6003230453125 0.1374912609375 0.6305521374999999 0.159029603125