4 0.00038096875 0.61766020625 0.00161965625 0.6317167265625 0.0034776828124999997 0.6441195468750001 0.00781308125 0.6556955046875 0.0158645359375 0.6573492109375 0.027012703125 0.6565223609374999 0.038160871875 0.6482538140624999 0.0431156140625 0.63419729375 0.0431156140625 0.621794475 0.040638243750000004 0.6060842421875 0.0363028421875 0.5953351390625 0.0226773046875 0.592854571875 0.0040970265625 0.607737953125 0.00038096875 0.61766020625
4 0.1843257375 0.5812786140624999 0.203525359375 0.58458603125 0.2165315515625 0.575490634375 0.2326344640625 0.5639146703125 0.24502131718750003 0.5473775828125 0.2419246015625 0.53166735 0.2295377484375 0.5118228453125 0.21838958281249998 0.504381159375 0.20909944062500002 0.506034865625 0.19113850625 0.516783975 0.1806096796875 0.5283599328124999 0.1750355953125 0.5473775828125 0.1812290234375 0.56804894375 0.1843257375 0.5812786140624999
4 0.090804996875 0.5655683812500001 0.08832762499999999 0.56804894375 0.07656011562500001 0.5804517578125 0.0666506328125 0.6052573921875 0.069747346875 0.61766020625 0.07594077187500001 0.6242750406249999 0.1093852734375 0.6135259328125 0.11186264531250001 0.6036036796875 0.11681738593749999 0.5903740109375 0.1124819890625 0.564741525 0.1044305328125 0.558953546875 0.09637908125 0.56639523125 0.090804996875 0.5655683812500001
4 0.2623629078125 0.550685 0.2728917328125 0.5482044375 0.2766077921875 0.53249420625 0.2704143625 0.516783975 0.25988553593749997 0.5109959953125001 0.2499760578125 0.5233988093749999 0.252453428125 0.5457238765625 0.2623629078125 0.550685
4 0.3132658875 0.5012153296874999 0.298581625 0.50382923125 0.29368686875 0.5097105046875 0.289771065625 0.532582134375 0.29466581875000003 0.537156459375 0.303476378125 0.53454255625 0.31522379218749996 0.532582134375 0.3279501546875 0.52670085625 0.3343133359375 0.5162452578125001 0.34703969843750004 0.51689873125 0.3573186828125 0.5057896546875 0.3558502546875 0.48814582968750003 0.3534028796875 0.47638328281250003 0.3494870734375 0.47572980468750004 0.3445923203125 0.471808959375 0.3431238921875 0.471808959375 0.3362712359375 0.47246243281250005 0.324034346875 0.48357150468750004 0.31375536249999997 0.49990838125000003 0.3132658875 0.5012153296874999
4 0.4679401421875 0.4371747828125 0.46989804687500003 0.44305605625 0.47919808125 0.4548186078125 0.49437181875 0.458739459375 0.508077134375 0.44501647968749997 0.523250871875 0.4371747828125 0.5364667109375 0.42541223125 0.5438088453125001 0.41168925781250004 0.5477246484375 0.394045428125 0.5438088453125001 0.3796689796875 0.5349982859375 0.367906428125 0.51933506875 0.36529253125 0.502692903125 0.367252953125 0.49339286875 0.36986685625 0.484092834375 0.37640160312500004 0.475771753125 0.389471103125 0.47185594531249997 0.40384755625 0.469408571875 0.41953095312500005 0.46647171875 0.4378282578125 0.4679401421875 0.4371747828125
4 0.3563397296875 0.48095760781249997 0.3563397296875 0.49075973125 0.3582976328125 0.49729447968749996 0.36906609218750003 0.49925490781250004 0.376897703125 0.49729447968749996 0.38815563750000004 0.49075973125 0.39794514687500004 0.48553193281249996 0.4145873171875 0.48357150468750004 0.42584525156249997 0.48553193281249996 0.43465581093749994 0.48487845937499996 0.44934007343750004 0.46984853125 0.45423482968749995 0.4502442828125 0.4390610890625 0.43848173125 0.4317189578125 0.43848173125 0.41997154375 0.4417491078125 0.402839903125 0.4495908046875 0.39305039375 0.4502442828125 0.384239834375 0.4469769078125 0.3754292734375 0.4508977578125 0.3607450109375 0.46919505624999996 0.3563397296875 0.48095760781249997
4 0.5861899687500001 0.385517871875 0.5920182781250001 0.391884221875 0.5973167453125 0.3968358296875 0.6100330578125 0.39471371093749996 0.6158613671875 0.38410312812499997 0.61904044375 0.369248309375 0.6174509078125 0.355100865625 0.6031450546875 0.3558082375 0.597846590625 0.35793035624999997 0.592548128125 0.3621745875 0.5867198140625 0.38198101093750003 0.5861899687500001 0.385517871875
4 0.6407641468749999 0.38268838125000004 0.6428835328125 0.3812736390625 0.6439432234375 0.37632203125 0.6439432234375 0.37066305625 0.6439432234375 0.3650040765625 0.639174609375 0.36005246875 0.6354656828125 0.3614672171875 0.633346296875 0.3664188203125 0.6317567562499999 0.3770294078125 0.6407641468749999 0.38268838125000004
4 0.6709653906249999 0.3558082375 0.6868607843750001 0.3543934953125 0.6995770968749999 0.35297874687499997 0.7107038718750001 0.3558082375 0.7186515671875 0.3558082375 0.73666634375 0.35085663437500003 0.7515020421874999 0.3367091859375 0.7515020421874999 0.297096340625 0.7371961890625001 0.2864857578125 0.7271291078125001 0.291437365625 0.71123371875 0.30487743749999996 0.7027561734375001 0.305584809375 0.6958681734375001 0.30487743749999996 0.6709653906249999 0.307706928125 0.6582490765625 0.321854371875 0.660898309375 0.342368165625 0.6709653906249999 0.3558082375
4 0.787001753125 0.29355947968749996 0.7785242078125 0.29002261875 0.7689869734375 0.29285210781250004 0.7631586640625 0.3084142984375 0.76792728125 0.3289280921875 0.7843525171875 0.33741656249999996 0.7965389843749999 0.3225617421875 0.799188215625 0.3176101390625 0.797068834375 0.30346269062500003 0.787001753125 0.29355947968749996
4 0.8346879265625 0.29568159843749997 0.83839685 0.2949742265625 0.8458146984375 0.29214473750000003 0.8474042390625 0.2857783859375 0.8442251625000001 0.27728991718749996 0.84104608125 0.2702161953125 0.8368073125000001 0.26738670625 0.8304491546874999 0.2659719640625 0.825150690625 0.2709235671875 0.8219716140625 0.27941203593749997 0.82674023125 0.29568159843749997 0.8346879265625 0.29568159843749997
4 0.916814115625 0.2709235671875 0.924231965625 0.2751678046875 0.935358740625 0.2730456859375 0.9433064359375001 0.260312984375 0.944366128125 0.24404342343750002 0.9342990468749999 0.23060334999999998 0.9258215062499999 0.2291886078125 0.9136350390624999 0.22635911874999998 0.9035679578125 0.2214075109375 0.8956202624999999 0.2221148859375 0.8882024124999999 0.2426286796875 0.8935008765625 0.2546540046875 0.9046276484375 0.2652645921875 0.916814115625 0.2709235671875