4 0.9921869187500001 0.6556955046875 0.9965223171875 0.6441195468750001 0.9983803437500001 0.6317167265625 0.99961903125 0.61766020625 0.9959029734374999 0.607737953125 0.9773226953125 0.592854571875 0.9636971578125 0.5953351390625 0.9593617562500001 0.6060842421875 0.9568843859375 0.621794475 0.9568843859375 0.63419729375 0.961839128125 0.6482538140624999 0.972987296875 0.6565223609374999 0.9841354640625 0.6573492109375 0.9921869187500001 0.6556955046875
4 0.7673655359375 0.5639146703125 0.7834684484375 0.575490634375 0.796474640625 0.58458603125 0.8156742625 0.5812786140624999 0.8187709765625 0.56804894375 0.8249644046875 0.5473775828125 0.8193903203125 0.5283599328124999 0.8088614937499999 0.516783975 0.790900559375 0.506034865625 0.7816104171875 0.504381159375 0.7704622515625 0.5118228453125 0.7580753984374999 0.53166735 0.7549786828125 0.5473775828125 0.7673655359375 0.5639146703125
4 0.911672375 0.56804894375 0.909195003125 0.5655683812500001 0.9036209187500001 0.56639523125 0.8955694671875 0.558953546875 0.8875180109375 0.564741525 0.8831826140624999 0.5903740109375 0.8881373546875 0.6036036796875 0.8906147265625 0.6135259328125 0.9240592281250001 0.6242750406249999 0.930252653125 0.61766020625 0.9333493671875001 0.6052573921875 0.923439884375 0.5804517578125 0.911672375 0.56804894375
4 0.7500239421875 0.5233988093749999 0.7401144640624999 0.5109959953125001 0.7295856374999999 0.516783975 0.7233922078125 0.53249420625 0.7271082671875 0.5482044375 0.7376370921875 0.550685 0.747546571875 0.5457238765625 0.7500239421875 0.5233988093749999
4 0.6568761078125 0.471808959375 0.6554076796875 0.471808959375 0.6505129265625 0.47572980468750004 0.6465971203125 0.47638328281250003 0.6441497453125 0.48814582968750003 0.6426813171875 0.5057896546875 0.6529603015625 0.51689873125 0.6656866640625 0.5162452578125001 0.6720498453125 0.52670085625 0.6847762078125 0.532582134375 0.696523621875 0.53454255625 0.70533418125 0.537156459375 0.710228934375 0.532582134375 0.7063131312500001 0.5097105046875 0.701418375 0.50382923125 0.6867341125 0.5012153296874999 0.6862446375 0.49990838125000003 0.675965653125 0.48357150468750004 0.6637287640625 0.47246243281250005 0.6568761078125 0.471808959375
4 0.524228246875 0.389471103125 0.515907165625 0.37640160312500004 0.50660713125 0.36986685625 0.497307096875 0.367252953125 0.48066493125000004 0.36529253125 0.46500171406249996 0.367906428125 0.4561911546875 0.3796689796875 0.45227535156250004 0.394045428125 0.4561911546875 0.41168925781250004 0.4635332890625 0.42541223125 0.476749128125 0.4371747828125 0.491922865625 0.44501647968749997 0.50562818125 0.458739459375 0.5208019187499999 0.4548186078125 0.530101953125 0.44305605625 0.5320598578125 0.4371747828125 0.53352828125 0.4378282578125 0.5305914281249999 0.41953095312500005 0.5281440546875 0.40384755625 0.524228246875 0.389471103125
4 0.615760165625 0.4469769078125 0.6069496062499999 0.4502442828125 0.5971600968749999 0.4495908046875 0.58002845625 0.4417491078125 0.5682810421875 0.43848173125 0.5609389109375 0.43848173125 0.5457651703125 0.4502442828125 0.5506599265625 0.46984853125 0.5653441890625001 0.48487845937499996 0.5741547484375 0.48553193281249996 0.5854126828124999 0.48357150468750004 0.6020548531250001 0.48553193281249996 0.6118443625000001 0.49075973125 0.623102296875 0.49729447968749996 0.6309339078125 0.49925490781250004 0.6417023671875 0.49729447968749996 0.6436602703125 0.49075973125 0.6436602703125 0.48095760781249997 0.6392549890625 0.46919505624999996 0.6245707265625 0.4508977578125 0.615760165625 0.4469769078125
4 0.41328018593750004 0.38198101093750003 0.40745187187500004 0.3621745875 0.402153409375 0.35793035624999997 0.3968549453125 0.3558082375 0.3825490921875 0.355100865625 0.38095955625 0.369248309375 0.3841386328125 0.38410312812499997 0.3899669421875 0.39471371093749996 0.4026832546875 0.3968358296875 0.407981721875 0.391884221875 0.41381003125 0.385517871875 0.41328018593750004 0.38198101093750003
4 0.3560567765625 0.3650040765625 0.3560567765625 0.37066305625 0.3560567765625 0.37632203125 0.3571164671875 0.3812736390625 0.359235853125 0.38268838125000004 0.36824324375 0.3770294078125 0.366653703125 0.3664188203125 0.3645343171875 0.3614672171875 0.36082539062499996 0.36005246875 0.3560567765625 0.3650040765625
4 0.2728708921875 0.291437365625 0.2628038109375 0.2864857578125 0.2484979578125 0.297096340625 0.2484979578125 0.3367091859375 0.26333365625 0.35085663437500003 0.2813484328125 0.3558082375 0.289296128125 0.3558082375 0.300422903125 0.35297874687499997 0.313139215625 0.3543934953125 0.329034609375 0.3558082375 0.339101690625 0.342368165625 0.3417509234375 0.321854371875 0.329034609375 0.307706928125 0.30413182656250004 0.30487743749999996 0.29724382656250004 0.305584809375 0.28876628125 0.30487743749999996 0.2728708921875 0.291437365625
4 0.23207271875000002 0.3289280921875 0.23684133593749998 0.3084142984375 0.23101302656249997 0.29285210781250004 0.2214757921875 0.29002261875 0.21299824687500002 0.29355947968749996 0.202931165625 0.30346269062500003 0.200811784375 0.3176101390625 0.203461015625 0.3225617421875 0.21564748281249999 0.33741656249999996 0.23207271875000002 0.3289280921875
4 0.17325976875 0.29568159843749997 0.1780283859375 0.27941203593749997 0.174849309375 0.2709235671875 0.1695508453125 0.2659719640625 0.1631926875 0.26738670625 0.15895391875 0.2702161953125 0.1557748375 0.27728991718749996 0.1525957609375 0.2857783859375 0.15418530156250002 0.29214473750000003 0.16160315 0.2949742265625 0.1653120734375 0.29568159843749997 0.17325976875 0.29568159843749997
4 0.0566935640625 0.260312984375 0.06464125937500001 0.2730456859375 0.075768034375 0.2751678046875 0.08318588437499999 0.2709235671875 0.0953723515625 0.2652645921875 0.10649912343750001 0.2546540046875 0.11179758749999999 0.2426286796875 0.1043797375 0.2221148859375 0.0964320421875 0.2214075109375 0.0863649609375 0.22635911874999998 0.07417849374999999 0.2291886078125 0.06570095312499999 0.23060334999999998 0.055633871875 0.24404342343750002 0.0566935640625 0.260312984375