4 1 0.6409846546875 0.9775362328125 0.6409846546875 0.97318840625 0.6649616390624999 0.9811594203125 0.6921355515625 0.9971014500000001 0.7017263453125 1 0.695332478125 1 0.6793478234375 1 0.6505754484375 1 0.6409846546875
4 0.88188405625 0.722506396875 0.8789855062499999 0.760869565625 0.8833333328125 0.7688618890625001 0.9021739140625 0.7688618890625001 0.9130434765625 0.78324808125 0.92971014375 0.7864450140625 0.9347826093749999 0.7624680296874999 0.9311594203125001 0.7480818375 0.9326086968749999 0.7289002578125 0.9376811593750001 0.7065217421875001 0.9398550734375 0.6729539625000001 0.9340579703125 0.658567771875 0.9210144937500001 0.6553708453125 0.9072463765625001 0.656969309375 0.8978260859375 0.6793478234375 0.887681159375 0.7113171328125001 0.88188405625 0.722506396875
4 0.8420289859375 0.722506396875 0.8347826093749999 0.7257033234375 0.8152173906250001 0.7640664921875 0.8166666671874999 0.7944373375 0.8340579703125 0.7992327359375 0.8550724640625 0.796035809375 0.87028985625 0.7752557578125 0.865217390625 0.7384910515625001 0.8478260859375 0.717711 0.8420289859375 0.722506396875
4 0.7420289859375 0.69053708125 0.73188405625 0.70812020625 0.7253623203124999 0.717711 0.7108695671875 0.7193094624999999 0.69710145 0.712915603125 0.6753623203125 0.700127875 0.6688405796875 0.7113171328125001 0.6630434765625 0.7304987203125 0.6572463765625 0.7624680296874999 0.6724637671875 0.8088235296875 0.6869565234375 0.8120204624999999 0.712318840625 0.78484654375 0.71811594375 0.796035809375 0.735507246875 0.8216112499999999 0.7579710140625 0.8328005140625001 0.7840579703125 0.7944373375 0.7891304328125 0.760869565625 0.7804347828125 0.7113171328125001 0.7659420296875 0.6921355515625 0.7420289859375 0.695332478125 0.7420289859375 0.69053708125
4 0.662318840625 0.700127875 0.67101449375 0.700127875 0.6753623203125 0.6841432203125 0.67101449375 0.6665601031249999 0.6579710140625 0.66176470625 0.6507246359375001 0.6649616390624999 0.6427536234375 0.6825447578125 0.6514492765625 0.700127875 0.662318840625 0.700127875
4 0.5311594203125 0.7624680296874999 0.5311594203125 0.7992327359375 0.5304347828125 0.8088235296875 0.5282608703125 0.853580565625 0.540579709375 0.8423913015625001 0.5478260859375 0.8200127875 0.559420290625 0.7992327359375 0.57101449375 0.7816496171875 0.5840579703125 0.7672634265625 0.590579709375 0.7432864484375 0.5818840562500001 0.712915603125 0.56811594375 0.7113171328125001 0.5550724640625 0.7161125296875 0.5442028999999999 0.7320971843749999 0.53188405625 0.760869565625 0.5311594203125 0.7624680296874999
4 0.314492753125 0.7768542203125001 0.31811594374999996 0.8152173890625001 0.332608696875 0.8120204624999999 0.353623190625 0.8104219921875 0.36811594375 0.78324808125 0.3753623203125 0.759271103125 0.367391303125 0.7113171328125001 0.35289855000000003 0.712915603125 0.341304346875 0.722506396875 0.3195652171875 0.749680309375 0.314492753125 0.7768542203125001
4 0.27318840624999996 0.7384910515625001 0.26739130312500003 0.75607416875 0.26739130312500003 0.7864450140625 0.27608695625 0.8216112499999999 0.287681159375 0.8184143234375 0.3072463765625 0.8008311984375001 0.3159420296875 0.7704603609375 0.314492753125 0.75447570625 0.30289855 0.741687978125 0.2840579703125 0.7304987203125 0.27318840624999996 0.7384910515625001
4 0.182608696875 0.7768542203125001 0.18405797031249999 0.7992327359375 0.191304346875 0.8136189265624999 0.2108695671875 0.7992327359375 0.2159420296875 0.78324808125 0.2188405796875 0.7464833750000001 0.2101449265625 0.7289002578125 0.1920289859375 0.7304987203125 0.17971014375 0.7400895140625 0.182608696875 0.7768542203125001
4 0.112318840625 0.7257033234375 0.10797101406250001 0.7209079265625 0.0985507234375 0.7209079265625 0.0956521734375 0.7241048609375 0.0985507234375 0.7624680296874999 0.1057971 0.7656649625 0.1130434765625 0.75607416875 0.112318840625 0.7257033234375
4 0.5166666671875 0.75607416875 0.5152173906249999 0.7336956546875 0.50289855 0.7400895140625 0.49637680937499995 0.7464833750000001 0.48623188281249996 0.7752557578125 0.4775362328125 0.8232097203125001 0.4920289859375 0.8375959046875 0.50289855 0.8216112499999999 0.5224637671875 0.7864450140625 0.5166666671875 0.75607416875