4 0.1406833171875 0.5277280828124999 0.145707721875 0.530709603125 0.1485788125 0.5500894421875 0.1593453921875 0.5694692890625 0.170111971875 0.5694692890625 0.1650875671875 0.5217650578125 0.163652025 0.5023852109375 0.162934253125 0.478533096875 0.1514498984375 0.45617173749999995 0.14140108906249998 0.46064400625 0.131352284375 0.478533096875 0.1299167375 0.47107930781249996 0.12345679062499999 0.45617173749999995 0.10766580625 0.46064400625 0.10335917343750001 0.4934406671875 0.11197243750000001 0.5187835453125 0.1263278796875 0.5247465703125 0.1406833171875 0.5277280828124999
4 0.35601492968750004 0.4621347625 0.3452483484375 0.4725700640625 0.3452483484375 0.49493142343749996 0.3538616140625 0.50834824375 0.35888601875 0.5128205125 0.3703703703125 0.5023852109375 0.37108814218749997 0.49493142343749996 0.35601492968750004 0.4621347625
4 0.39764570625 0.48002385312499996 0.3883146703125 0.48300536562499996 0.389750215625 0.5158020249999999 0.4084122875 0.5202743015625 0.4112833765625 0.5202743015625 0.4206144140625 0.49791294218750004 0.41559000937499996 0.484496121875 0.39764570625 0.48002385312499996
4 0.47229400000000005 0.478533096875 0.47229400000000005 0.4755515828125 0.4615274203125 0.47107930781249996 0.447171978125 0.485986878125 0.447171978125 0.5217650578125 0.45291415468749996 0.5247465703125 0.462245190625 0.5158020249999999 0.4694229109375 0.5008944546875 0.47229400000000005 0.478533096875
4 0.521102496875 0.5008944546875 0.5261269015625001 0.5172927828125 0.53689348125 0.529218846875 0.5512489234375 0.5172927828125 0.5591444171875 0.50685748125 0.562733275 0.5008944546875 0.5641688203124999 0.481514609375 0.562733275 0.4621347625 0.553402240625 0.4502087046875 0.545506746875 0.4457364359375 0.53689348125 0.44424567968749995 0.5268446734375 0.44722719218749996 0.519666953125 0.45468098125 0.5175136390625 0.478533096875 0.521102496875 0.5008944546875
4 0.611541775 0.5172927828125 0.6230261265625 0.50834824375 0.628768303125 0.49493142343749996 0.6294860734375 0.487477640625 0.62517944375 0.45915324999999996 0.6057995984375 0.44722719218749996 0.593597471875 0.4531902171875 0.5835486640624999 0.4531902171875 0.5749354015625 0.45617173749999995 0.5727820828125 0.481514609375 0.5742176296875 0.5008944546875 0.5849842093750001 0.5158020249999999 0.5979041046875 0.5232558140625 0.611541775 0.5172927828125
4 0.827524009375 0.4436505640625 0.8176441421874999 0.46275513437500004 0.8125338640624999 0.483274859375 0.8111711265625001 0.508747621875 0.81560003125 0.5264370390625001 0.8244578421875 0.544834025 0.83570045 0.554032525 0.8513719625 0.53988099375 0.861592515625 0.5271446156249999 0.8673841609374999 0.5299749171875 0.8748792312499999 0.5384658390625 0.8830556734374999 0.5377582624999999 0.8796488203124999 0.51016276875 0.8748792312499999 0.4960112375 0.8694282718749999 0.479029396875 0.8663621046875001 0.46558544218750003 0.867043475 0.45567937187499996 0.8496685375 0.44152783281249997 0.8404700406250001 0.43869753281249996 0.827524009375 0.4436505640625
4 0.894638965625 0.545541603125 0.9045188296875001 0.5441264546875 0.915420753125 0.5483719109375 0.9413128171875 0.5625234421875 0.9525554265625 0.5427113015625 0.9597098125000001 0.5412961468749999 0.9617539203125001 0.49247335937500003 0.9607318671874999 0.4691233265625 0.9535774781249999 0.4585096734375 0.9314329499999999 0.45567937187499996 0.9157614374999999 0.4252535703125 0.89940855625 0.42737630156249995 0.896001703125 0.4514339109375 0.8983865 0.4641702890625 0.8980458140625001 0.4896430515625 0.8912321140625 0.5073324671874999 0.894638965625 0.545541603125
4 0.975722009375 0.4033186984375 0.970271046875 0.41534750000000004 0.9682269375000001 0.4344520703125 0.9695896796874999 0.4563869484375 0.970271046875 0.46629301874999995 0.96924899375 0.4804445515625 0.96924899375 0.5023794296874999 0.970271046875 0.5271446156249999 0.9716337875000001 0.5476643328125 0.9753813234375001 0.5575704109374999 0.9852611906250001 0.5703067890625 0.9924155765625 0.563938596875 0.995481740625 0.5512022171875001 0.9975258515625001 0.5384658390625 0.9999106484375 0.520068846875 1 0.47973697499999995 0.9988885921874999 0.44648087187499996 0.9985479078124999 0.43091418593749997 0.994119003125 0.41534750000000004 0.9910528359375 0.404026275 0.989008725 0.3997808140625 0.975722009375 0.4033186984375
4 0.01406858125 0.5132426703124999 0.0166738734375 0.5257480765625 0.022405517187499998 0.5372113640625 0.031784571875 0.5413798328125 0.037516215625 0.5413798328125 0.04689526875 0.532000778125 0.0578374984375 0.520537490625 0.0640902015625 0.5257480765625 0.077116665625 0.526269134375 0.081285134375 0.522621725 0.08493254375 0.5142847875000001 0.088579953125 0.4981319734375 0.088579953125 0.48458445 0.08545360156250001 0.46947375312500006 0.07659560625 0.46582634218749996 0.0656533765625 0.466868459375 0.060442792187500004 0.475205396875 0.056274323437499996 0.47989492343749995 0.04689526875 0.46738951875 0.0401215078125 0.464784225 0.0312635125 0.4642631671875 0.0182370484375 0.47155798750000005 0.01406858125 0.485105509375 0.01406858125 0.4960477390625 0.01406858125 0.5132426703124999
4 0.7530163015625 0.5081459640625 0.7722218187500001 0.4953422859375 0.78662595625 0.48653975781250003 0.7874261859375 0.47213562031249995 0.7794238874999999 0.45373033281249997 0.7730220484375 0.448928953125 0.7514158421875 0.444127575 0.737811934375 0.444127575 0.7114043484375 0.4497291828125 0.70340205 0.45533079218749994 0.6953997515625 0.47053515937499996 0.68579699375 0.45533079218749994 0.676194234375 0.44572803437499997 0.66739170625 0.44332734531250007 0.658589178125 0.44812872343750004 0.658589178125 0.47053515937499996 0.6625903265625 0.48253860781249996 0.6593894078125 0.4913411359375 0.6561884890624999 0.503344584375 0.6521873390625 0.51934918125 0.65298756875 0.5305524 0.6625903265625 0.5289519406250001 0.676994465625 0.5241505609375 0.683396303125 0.5225501015625 0.6937992921875 0.500143665625 0.7122045781249999 0.5041448140625 0.7194066484375 0.5273514796875001 0.7426133140625 0.5225501015625 0.7530163015625 0.5081459640625