5 0.6848958328125 0.7451171875 0.6705729171875 0.736328125 0.6588541671875 0.7373046875 0.6510416671875 0.7451171875 0.6536458328125 0.7587890625 0.66015625 0.76171875 0.67578125 0.76171875 0.68359375 0.7578125 0.6848958328125 0.7451171875
5 0.7057291671875 0.6865234375 0.69921875 0.68359375 0.6796875 0.6845703125 0.6666666671875 0.6904296875 0.6666666671875 0.7021484375 0.67578125 0.7109375 0.6888020828125 0.7109375 0.703125 0.7021484375 0.7057291671875 0.6865234375
5 0.8385416671874999 0.8583984375 0.828125 0.8642578125 0.8307291671874999 0.8740234375 0.83984375 0.8828125 0.8502604171874999 0.8828125 0.8645833328125001 0.8701171875 0.8645833328125001 0.8603515625 0.8385416671874999 0.8583984375
5 0.6549479171875 0.849609375 0.671875 0.8505859375 0.6744791671875 0.8447265625 0.66796875 0.83984375 0.6536458328125 0.8408203125 0.6510416671875 0.8466796875 0.6549479171875 0.849609375
5 0.7473958328125 0.9990234375 0.76953125 1 0.7734375 0.9892578125 0.76171875 0.984375 0.7552083328125 0.9853515625 0.75 0.9873046875 0.7473958328125 0.9990234375
5 0.8411458328125001 0.6962890625 0.8333333328125001 0.7041015625 0.8333333328125001 0.7099609375 0.8372395828125001 0.712890625 0.8502604171874999 0.712890625 0.8567708328125001 0.7021484375 0.84765625 0.6953125 0.8411458328125001 0.6962890625
5 0.76953125 0.748046875 0.7903645828125 0.75 0.796875 0.7451171875 0.79296875 0.734375 0.7760416671875 0.7353515625 0.7682291671875 0.7412109375 0.76953125 0.748046875
5 0.7747395828125 0.634765625 0.78515625 0.634765625 0.7890625 0.6318359375 0.78515625 0.626953125 0.7734375 0.6279296875 0.7708333328125 0.6318359375 0.7747395828125 0.634765625
5 0.8333333328125001 0.5302734375 0.828125 0.5322265625 0.828125 0.5380859375 0.83203125 0.54296875 0.83984375 0.544921875 0.8463541671874999 0.5419921875 0.8463541671874999 0.5361328125 0.8333333328125001 0.5302734375
5 0.796875 0.5751953125 0.7955729171875 0.5703125 0.7838541671875 0.5712890625 0.7877604171875 0.578125 0.796875 0.5751953125
5 0.8020833328125001 0.5439453125 0.80078125 0.5390625 0.7916666671875 0.5400390625 0.79296875 0.544921875 0.8020833328125001 0.5439453125
5 0.7252604171875 0.630859375 0.7161458328125 0.6318359375 0.7135416671875 0.6337890625 0.7174479171875 0.63671875 0.7265625 0.6337890625 0.7252604171875 0.630859375
5 0.7161458328125 0.6806640625 0.71484375 0.673828125 0.703125 0.6748046875 0.70703125 0.681640625 0.7161458328125 0.6806640625
5 0.8684895828125001 0.810546875 0.8828125 0.7978515625 0.8828125 0.7919921875 0.87109375 0.783203125 0.859375 0.7841796875 0.84765625 0.787109375 0.8359375 0.7978515625 0.8359375 0.8017578125 0.84765625 0.810546875 0.8684895828125001 0.810546875
5 0.2864583328125 0.6787109375 0.27734375 0.673828125 0.2682291671875 0.6748046875 0.2630208328125 0.6787109375 0.2630208328125 0.6865234375 0.2669270828125 0.689453125 0.2799479171875 0.689453125 0.2864583328125 0.6845703125 0.2864583328125 0.6787109375
5 0.265625 0.6337890625 0.2565104171875 0.62890625 0.23697916718749998 0.6279296875 0.2265625 0.6357421875 0.2265625 0.6474609375 0.24348958281250002 0.65234375 0.2565104171875 0.650390625 0.265625 0.6416015625 0.265625 0.6337890625
5 0.6653645828125 0.380859375 0.68359375 0.3828125 0.6875 0.3798828125 0.6861979171875 0.37109375 0.6614583328125 0.3681640625 0.65625 0.3740234375 0.6653645828125 0.380859375
5 0.640625 0.3173828125 0.6354166671875 0.3193359375 0.6354166671875 0.3271484375 0.6471354171875 0.3359375 0.6575520828125 0.333984375 0.6640625 0.3291015625 0.6575520828125 0.318359375 0.640625 0.3173828125
5 0.6901041671875 0.2529296875 0.6822916671875 0.2587890625 0.6888020828125 0.265625 0.70703125 0.267578125 0.7135416671875 0.2626953125 0.7135416671875 0.2568359375 0.70703125 0.251953125 0.6901041671875 0.2529296875
5 0.85546875 0.23046875 0.8606770828125001 0.23046875 0.8671875 0.2255859375 0.8671875 0.2197265625 0.859375 0.2197265625 0.8515625 0.2236328125 0.85546875 0.23046875
5 0.9153645828125001 0.216796875 0.90625 0.2177734375 0.9036458328125001 0.2236328125 0.9075520828125001 0.2265625 0.9192708328125001 0.2255859375 0.9153645828125001 0.216796875
5 0.8059895828125001 0.21875 0.7942708328125 0.2197265625 0.7916666671875 0.2236328125 0.7955729171875 0.2265625 0.8072916671874999 0.2236328125 0.8059895828125001 0.21875
5 0.6341145828125 0.0234375 0.6171875 0.0244140625 0.6158854171875 0.03515625 0.62890625 0.037109375 0.6354166671875 0.0322265625 0.6341145828125 0.0234375
5 0.625 0.2998046875 0.6197916671875 0.3076171875 0.6263020828125 0.3125 0.6315104171875 0.3125 0.6380208328125 0.3076171875 0.6380208328125 0.3017578125 0.6341145828125 0.298828125 0.625 0.2998046875