5 0.6731770828125 0.8515625 0.6666666671875 0.8603515625 0.6692708328125 0.8720703125 0.6809895828125 0.880859375 0.6979166671875 0.8798828125 0.703125 0.8740234375 0.703125 0.8583984375 0.6888020828125 0.849609375 0.6731770828125 0.8515625
5 0.94140625 0.904296875 0.9322916671874999 0.9111328125 0.9322916671874999 0.9208984375 0.9388020828125001 0.927734375 0.953125 0.9287109375 0.9609375 0.9248046875 0.9609375 0.9111328125 0.94921875 0.904296875 0.94140625 0.904296875
5 0.7864583328125 0.2236328125 0.7903645828125 0.2265625 0.7994791671875 0.2255859375 0.8046875 0.2177734375 0.7981770828125 0.212890625 0.79296875 0.212890625 0.7864583328125 0.2177734375 0.7864583328125 0.2236328125
5 0.7265625 0.0498046875 0.7291666671875 0.0380859375 0.7200520828125 0.03515625 0.7135416671875 0.0400390625 0.7135416671875 0.0478515625 0.7174479171875 0.05078125 0.7265625 0.0498046875
5 0.06380208281250001 0.9375 0.05208333281250001 0.9404296875 0.05208333281250001 0.9501953125 0.05729166718749999 0.9521484375 0.06510416718749999 0.9462890625 0.06380208281250001 0.9375
5 0.1549479171875 0.96484375 0.1484375 0.9677734375 0.1458333328125 0.9775390625 0.15234375 0.98046875 0.1614583328125 0.9794921875 0.1666666671875 0.9755859375 0.1666666671875 0.9697265625 0.1627604171875 0.96484375 0.1549479171875 0.96484375
5 0.796875 0.9716796875 0.8059895828125001 0.978515625 0.8255208328125001 0.9794921875 0.828125 0.9716796875 0.8190104171874999 0.96484375 0.80859375 0.9609375 0.796875 0.9638671875 0.796875 0.9716796875
5 0.2877604171875 0.080078125 0.2760416671875 0.0810546875 0.2799479171875 0.08984375 0.2890625 0.0888671875 0.2916666671875 0.0830078125 0.2877604171875 0.080078125
5 0.5364583328125 0.9501953125 0.54296875 0.955078125 0.5520833328125 0.9541015625 0.5546875 0.9462890625 0.55078125 0.943359375 0.5403645828125 0.943359375 0.5364583328125 0.9462890625 0.5364583328125 0.9501953125
5 0.6822916671875 0.1611328125 0.6848958328125 0.1591796875 0.6822916671875 0.1513671875 0.6705729171875 0.1484375 0.6666666671875 0.1591796875 0.6731770828125 0.162109375 0.6822916671875 0.1611328125
5 0.6432291671875 0.3466796875 0.6497395828125 0.3515625 0.6536458328125 0.3505859375 0.6588541671875 0.3486328125 0.6614583328125 0.3388671875 0.6497395828125 0.33203125 0.6432291671875 0.3369140625 0.6432291671875 0.3466796875
5 0.6171875 0.4814453125 0.62109375 0.486328125 0.6302083328125 0.4873046875 0.63671875 0.486328125 0.640625 0.4794921875 0.6341145828125 0.47265625 0.6236979171875 0.470703125 0.6171875 0.4814453125
5 0.8307291671874999 0.8818359375 0.8333333328125001 0.8798828125 0.8268229171874999 0.87109375 0.8177083328125001 0.8740234375 0.8151041671874999 0.8779296875 0.8190104171874999 0.8828125 0.8307291671874999 0.8818359375
5 0.9166666671874999 0.9345703125 0.9192708328125001 0.9248046875 0.91015625 0.91796875 0.90234375 0.919921875 0.9010416671874999 0.9306640625 0.9075520828125001 0.935546875 0.9166666671874999 0.9345703125
5 0.3098958328125 0.2275390625 0.3098958328125 0.2138671875 0.2955729171875 0.208984375 0.2890625 0.2177734375 0.2916666671875 0.2255859375 0.2955729171875 0.228515625 0.3098958328125 0.2275390625
5 0.4479166671875 0.1689453125 0.45703125 0.17578125 0.4713541671875 0.1748046875 0.4739583328125 0.1689453125 0.4713541671875 0.1630859375 0.46484375 0.158203125 0.4544270828125 0.158203125 0.4479166671875 0.1689453125
5 0.5026041671875 0.1669921875 0.5091145828125 0.171875 0.5130208328125 0.1708984375 0.515625 0.1630859375 0.5130208328125 0.1572265625 0.5065104171875 0.15625 0.5026041671875 0.1591796875 0.5026041671875 0.1669921875
5 0.0625 0.2744140625 0.06510416718749999 0.2666015625 0.05338541718749999 0.265625 0.05208333281250001 0.2744140625 0.0625 0.2744140625