5 0.6455078125 0.640625 0.6357421875 0.6302083328125 0.626953125 0.63671875 0.6298828125 0.6458333328125 0.6455078125 0.6458333328125 0.6455078125 0.640625
5 0.044921875 0.88671875 0.0439453125 0.8802083328125001 0.0361328125 0.8776041671874999 0.029296875 0.8841145828125001 0.029296875 0.8893229171874999 0.0322265625 0.8932291671874999 0.0400390625 0.8932291671874999 0.044921875 0.88671875
5 0.185546875 0.8033854171874999 0.1845703125 0.796875 0.1806640625 0.7916666671875 0.1728515625 0.7916666671875 0.169921875 0.7955729171875 0.169921875 0.80859375 0.1787109375 0.8125 0.185546875 0.8033854171874999
5 0.119140625 0.3815104171875 0.1240234375 0.3880208328125 0.1318359375 0.3880208328125 0.138671875 0.3815104171875 0.1376953125 0.3697916671875 0.1337890625 0.3645833328125 0.1240234375 0.3645833328125 0.119140625 0.3736979171875 0.119140625 0.3815104171875
2 0.2808960828125 0.68562554375 0.2841186 0.6884900046875 0.3039907890625 0.6906383484374999 0.3134765625 0.6927083328125 0.3486328125 0.6979166671875 0.4189453125 0.6953125 0.4501953125 0.7083333328125 0.5009765625 0.7109375 0.5224609375 0.6979166671875 0.533203125 0.6861979171875 0.541015625 0.6393229171875 0.5400390625 0.6067708328125 0.5390625 0.5950520828125 0.5263671875 0.5703125 0.5048828125 0.5494791671875 0.4755859375 0.5364583328125 0.4443359375 0.5390625 0.4326171875 0.5494791671875 0.3896484375 0.5598958328125 0.3740234375 0.5729166671875 0.2978515625 0.5729166671875 0.2705078125 0.5807291671875 0.34856894375 0.57892441875 0.3936841859375 0.57892441875 0.4361139953125 0.5839372234375 0.4473928046875 0.5918144875 0.450615321875 0.6061367859375 0.4473928046875 0.6204590859375 0.4425590296875 0.6412264171875 0.42752061562500004 0.6576970609375 0.409259684375 0.672019359375 0.2808960828125 0.68562554375
2 0.328341978125 0.1444754046875 0.3288518265625 0.1410764203125 0.329871521875 0.1431158109375 0.33344045625 0.14175621562500001 0.3359896953125 0.144815303125 0.33802908593750003 0.1427759109375 0.34083325000000003 0.14345570937500002 0.344147259375 0.1407365203125 0.34797111875 0.14175621562500001 0.35077528125 0.1407365203125 0.3553639109375 0.1380173328125 0.3604623890625 0.1369976375 0.3668354859375 0.1369976375 0.3711691921875 0.13665773750000001 0.3747381265625 0.13665773750000001 0.377542290625 0.1349582453125 0.3821309203125 0.1349582453125 0.384680159375 0.13393855 0.3885040171875 0.13393855 0.3994657453125 0.13461834687500002 0.40838808125000003 0.1400567234375 0.413741484375 0.1335986515625 0.4168005703125 0.1400567234375 0.421644125 0.1458349984375 0.43107630781250006 0.1444754046875 0.43503982187499995 0.1542682625 0.43987359843749996 0.15570049375 0.437725253125 0.164293871875 0.440410684375 0.167874446875 0.43020604687499997 0.193654584375 0.419921875 0.19921875 0.4189453125 0.203125 0.4130859375 0.20833333281250002 0.4052734375 0.20833333281250002 0.3994140625 0.21614583281250002 0.3876953125 0.22135416718749998 0.3623046875 0.21614583281250002 0.3525390625 0.20833333281250002 0.3095703125 0.20833333281250002 0.3076171875 0.2109375 0.2998046875 0.20833333281250002 0.2880859375 0.21614583281250002 0.28515625 0.22265625 0.3017578125 0.234375 0.3251953125 0.24479166718749998 0.3330078125 0.24479166718749998 0.3427734375 0.2526041671875 0.3583984375 0.2526041671875 0.3720703125 0.2604166671875 0.3896484375 0.2630208328125 0.3916015625 0.2604166671875 0.4013671875 0.2682291671875 0.4345703125 0.2760416671875 0.4384765625 0.2734375 0.4482421875 0.28125 0.4638671875 0.2838541671875 0.4697265625 0.2786458328125 0.4775390625 0.2786458328125 0.4873046875 0.265625 0.505859375 0.2513020828125 0.515625 0.22265625 0.513671875 0.1966145828125 0.51953125 0.16796875 0.5185546875 0.1510416671875 0.5107421875 0.1354166671875 0.4814453125 0.1171875 0.4658203125 0.1197916671875 0.4599609375 0.1119791671875 0.4462890625 0.1119791671875 0.4404296875 0.1067708328125 0.4228515625 0.1145833328125 0.4150390625 0.1145833328125 0.4072265625 0.109375 0.3798828125 0.1119791671875 0.3740234375 0.1145833328125 0.3583984375 0.1328125 0.3154296875 0.1328125 0.296875 0.14453125 0.316870403125 0.1458349984375 0.32375334843750003 0.1393769265625 0.3260476625 0.1437956078125 0.32655751093749996 0.142096115625 0.32655751093749996 0.14345570937500002 0.328341978125 0.1444754046875
5 0.75 0.4309895828125 0.75 0.4361979171875 0.7548828125 0.4427083328125 0.7607421875 0.4427083328125 0.7607421875 0.4375 0.7568359375 0.4296875 0.75 0.4309895828125
5 0.806640625 0.42578125 0.8115234375 0.4348958328125 0.8193359375 0.4348958328125 0.82421875 0.4309895828125 0.8232421875 0.421875 0.8115234375 0.4192708328125 0.806640625 0.42578125
4 0.9765625 0.08984375 0.9833984375 0.07291666718749999 0.9794921875 0.06510416718749999 0.97265625 0.06640625 0.96484375 0.08463541718749999 0.9658203125 0.09895833281250001 0.9697265625 0.09895833281250001 0.9765625 0.08984375
4 0.9765625 0.06380208281250001 0.9853515625 0.0703125 0.9912109375 0.06770833281250001 1 0.05598958281250001 0.9990234375 0.0416666671875 0.9853515625 0.0494791671875 0.9765625 0.06380208281250001
4 0.994140625 0.0377604171875 0.9931640625 0.0260416671875 0.9794921875 0.0286458328125 0.97265625 0.0377604171875 0.97265625 0.04296875 0.9814453125 0.046875 0.9912109375 0.0416666671875 0.994140625 0.0377604171875
4 0.9990234375 0.1041666671875 0.98828125 0.1106770828125 0.990234375 0.1341145828125 0.9990234375 0.1380208328125 0.9990234375 0.1041666671875
4 0.9990234375 0.1223958328125 0.990234375 0.12890625 0.9970703125 0.1458333328125 1 0.14453125 0.9990234375 0.1223958328125
4 0.9990234375 0.06770833281250001 0.9921875 0.07421875 0.9921875 0.08723958281250001 0.9990234375 0.09895833281250001 0.9990234375 0.06770833281250001
4 0.9556187671874999 0.1564232734375 0.9556187671874999 0.1642357734375 0.9605015796874999 0.17074619062500002 0.9673375171874999 0.16683994062500002 0.9663609546874999 0.1603295234375 0.9624547046874999 0.15512119062500002 0.9556187671874999 0.1564232734375
4 0.9501953125 0.1536458328125 0.9443359375 0.1510416671875 0.943359375 0.1575520828125 0.9501953125 0.1588541671875 0.9501953125 0.1536458328125
4 0.9990234375 0.1588541671875 0.994140625 0.16015625 0.9970703125 0.1692708328125 1 0.16796875 0.9990234375 0.1588541671875