5 0.296875 0.1416015625 0.3111979171875 0.150390625 0.3268229171875 0.1484375 0.3333333328125 0.1396484375 0.3307291671875 0.1279296875 0.3190104171875 0.119140625 0.3020833328125 0.1201171875 0.296875 0.1259765625 0.296875 0.1416015625
5 0.0390625 0.0888671875 0.05078125 0.095703125 0.05859375 0.095703125 0.06770833281250001 0.0888671875 0.06770833281250001 0.0791015625 0.06119791718749999 0.072265625 0.046875 0.0712890625 0.0390625 0.0751953125 0.0390625 0.0888671875
5 0.20703125 0.787109375 0.21354166718749998 0.7822265625 0.21354166718749998 0.7763671875 0.20963541718749998 0.7734375 0.20052083281250002 0.7744140625 0.1953125 0.7822265625 0.20182291718749998 0.787109375 0.20703125 0.787109375
5 0.2864583328125 0.9521484375 0.2825520828125 0.94921875 0.2734375 0.9501953125 0.2708333328125 0.9619140625 0.2799479171875 0.96484375 0.2864583328125 0.9599609375 0.2864583328125 0.9521484375
5 0.9427083328125001 0.0478515625 0.9348958328125001 0.0537109375 0.9361979171874999 0.0625 0.9479166671874999 0.0595703125 0.9479166671874999 0.0498046875 0.9427083328125001 0.0478515625
5 0.8333333328125001 0.0302734375 0.8372395828125001 0.03515625 0.8450520828125001 0.03515625 0.8515625 0.0322265625 0.8541666671874999 0.0224609375 0.84765625 0.01953125 0.8385416671874999 0.0205078125 0.8333333328125001 0.0244140625 0.8333333328125001 0.0302734375
5 0.19140625 0.0390625 0.203125 0.0361328125 0.203125 0.0283203125 0.1940104171875 0.021484375 0.1744791671875 0.0205078125 0.171875 0.0283203125 0.1809895828125 0.03515625 0.19140625 0.0390625
5 0.7109375 0.9111328125 0.7083333328125 0.9169921875 0.7122395828125 0.919921875 0.7239583328125 0.9189453125 0.7200520828125 0.91015625 0.7109375 0.9111328125
5 0.4596354171875 0.056640625 0.4635416671875 0.0537109375 0.4635416671875 0.0498046875 0.45703125 0.044921875 0.4479166671875 0.0458984375 0.4453125 0.0537109375 0.44921875 0.056640625 0.4596354171875 0.056640625
5 0.3333333328125 0.8408203125 0.3268229171875 0.837890625 0.3177083328125 0.8388671875 0.3151041671875 0.8408203125 0.3177083328125 0.8486328125 0.3294270828125 0.8515625 0.3333333328125 0.8408203125
5 0.3502604171875 0.66796875 0.3567708328125 0.6630859375 0.3567708328125 0.6533203125 0.3502604171875 0.6484375 0.3463541671875 0.6494140625 0.3411458328125 0.6513671875 0.3385416671875 0.6611328125 0.3502604171875 0.66796875
5 0.3658854171875 0.52734375 0.3763020828125 0.529296875 0.3828125 0.5185546875 0.37890625 0.513671875 0.3697916671875 0.5126953125 0.36328125 0.513671875 0.359375 0.5205078125 0.3658854171875 0.52734375
5 0.1848958328125 0.1220703125 0.1809895828125 0.1171875 0.1692708328125 0.1181640625 0.1666666671875 0.1201171875 0.1731770828125 0.12890625 0.1822916671875 0.1259765625 0.1848958328125 0.1220703125
5 0.09895833281250001 0.0693359375 0.09244791718749999 0.064453125 0.08333333281250001 0.0654296875 0.08072916718749999 0.0751953125 0.08984375 0.08203125 0.09765625 0.080078125 0.09895833281250001 0.0693359375
5 0.7083333328125 0.7744140625 0.7044270828125 0.771484375 0.6901041671875 0.7724609375 0.6901041671875 0.7861328125 0.7044270828125 0.791015625 0.7109375 0.7822265625 0.7083333328125 0.7744140625
5 0.53515625 0.841796875 0.5455729171875 0.841796875 0.5520833328125 0.8310546875 0.54296875 0.82421875 0.5286458328125 0.8251953125 0.5260416671875 0.8310546875 0.5286458328125 0.8369140625 0.53515625 0.841796875
5 0.4934895828125 0.84375 0.4973958328125 0.8408203125 0.4973958328125 0.8330078125 0.4908854171875 0.828125 0.4869791671875 0.8291015625 0.484375 0.8369140625 0.4869791671875 0.8427734375 0.4934895828125 0.84375
5 0.9466145828125001 0.734375 0.9479166671874999 0.7255859375 0.9375 0.7255859375 0.9348958328125001 0.7333984375 0.9466145828125001 0.734375