2 0.8997395828125001 0.40625 0.9622395828125001 0.408203125 0.9635416671874999 0.3974609375 0.9544270828125001 0.392578125 0.94140625 0.390625 0.8958333328125001 0.3486328125 0.8932291671874999 0.3251953125 0.8776041671874999 0.2958984375 0.8658854171874999 0.2890625 0.8333333328125001 0.2900390625 0.7903645828125 0.3046875 0.78125 0.3115234375 0.7526041671875 0.3544921875 0.7552083328125 0.3759765625 0.7721354171875 0.384765625 0.81640625 0.39453125 0.8268229171874999 0.40625 0.84765625 0.412109375 0.88671875 0.41015625 0.8997395828125001 0.40625
2 0.7799479171875 0.1640625 0.8268229171874999 0.15234375 0.8528645828125001 0.15234375 0.88671875 0.142578125 0.9205729171874999 0.138671875 0.9375 0.1259765625 0.9401041671874999 0.0927734375 0.92578125 0.078125 0.9088541671874999 0.0751953125 0.8190104171874999 0.078125 0.7955729171875 0.08203125 0.7669270828125 0.099609375 0.7252604171875 0.1171875 0.7057291671875 0.1298828125 0.7005208328125 0.1416015625 0.7057291671875 0.1591796875 0.72265625 0.169921875 0.73828125 0.169921875 0.7799479171875 0.1640625
5 0.3958333328125 0.6416015625 0.3932291671875 0.6455078125 0.3971354171875 0.650390625 0.40234375 0.65234375 0.4075520828125 0.650390625 0.4244791671875 0.6396484375 0.4270833328125 0.6337890625 0.4231770828125 0.630859375 0.4166666671875 0.6318359375 0.3958333328125 0.6416015625
5 0.3984375 0.3408203125 0.39453125 0.3359375 0.3854166671875 0.3369140625 0.3828125 0.3427734375 0.38671875 0.345703125 0.3919270828125 0.345703125 0.3984375 0.3408203125
5 0.1041666671875 0.5380859375 0.09114583281250001 0.5458984375 0.09505208281250001 0.55078125 0.1067708328125 0.5478515625 0.109375 0.5400390625 0.1041666671875 0.5380859375
5 0.5169270828125 0.41015625 0.5221354171875 0.41015625 0.5260416671875 0.4013671875 0.5221354171875 0.3984375 0.515625 0.3994140625 0.5104166671875 0.4013671875 0.5104166671875 0.4052734375 0.5169270828125 0.41015625
5 0.5729166671875 0.3896484375 0.56640625 0.3828125 0.5625 0.3837890625 0.5546875 0.3896484375 0.5638020828125 0.396484375 0.5690104171875 0.396484375 0.5729166671875 0.3896484375
5 0.36328125 0.529296875 0.3763020828125 0.529296875 0.3854166671875 0.5185546875 0.3763020828125 0.509765625 0.3645833328125 0.5087890625 0.3541666671875 0.5146484375 0.3541666671875 0.5244140625 0.36328125 0.529296875
5 0.4583333328125 0.6240234375 0.4635416671875 0.6318359375 0.47265625 0.634765625 0.4791666671875 0.6318359375 0.484375 0.6142578125 0.4752604171875 0.607421875 0.4635416671875 0.6083984375 0.4583333328125 0.6103515625 0.4583333328125 0.6240234375
5 0.6692708328125 0.2236328125 0.64453125 0.232421875 0.63671875 0.232421875 0.6315104171875 0.2265625 0.6263020828125 0.2265625 0.6276041671875 0.2451171875 0.6341145828125 0.248046875 0.66796875 0.234375 0.6796875 0.2255859375 0.6783854171875 0.22265625 0.6692708328125 0.2236328125
5 0.9049479171874999 0.3203125 0.9205729171874999 0.3203125 0.921875 0.3095703125 0.9153645828125001 0.302734375 0.9088541671874999 0.3017578125 0.9010416671874999 0.3056640625 0.9010416671874999 0.3154296875 0.9049479171874999 0.3203125