4 0.17578125 0.03515625 0.15625 0.0439453125 0.1536458328125 0.0537109375 0.1575520828125 0.064453125 0.171875 0.0654296875 0.1822916671875 0.0556640625 0.1822916671875 0.0400390625 0.17578125 0.03515625
5 0.1184895828125 0.642578125 0.1145833328125 0.6455078125 0.1171875 0.6591796875 0.1236979171875 0.662109375 0.1354166671875 0.6611328125 0.1380208328125 0.6494140625 0.12890625 0.642578125 0.1184895828125 0.642578125
5 0.109375 0.6083984375 0.109375 0.6025390625 0.1002604171875 0.59765625 0.09635416718749999 0.6064453125 0.1002604171875 0.609375 0.109375 0.6083984375
5 0.37109375 0.392578125 0.3671875 0.3974609375 0.3697916671875 0.4013671875 0.37890625 0.408203125 0.3880208328125 0.4072265625 0.3880208328125 0.3955078125 0.3841145828125 0.392578125 0.37109375 0.392578125
5 0.09895833281250001 0.4306640625 0.1015625 0.4228515625 0.08984375 0.419921875 0.0859375 0.4228515625 0.0859375 0.4306640625 0.09895833281250001 0.4306640625
5 0.328125 0.4404296875 0.33203125 0.447265625 0.3411458328125 0.4462890625 0.3372395828125 0.4375 0.328125 0.4404296875
5 0.3229166671875 0.6376953125 0.328125 0.6337890625 0.3255208328125 0.6279296875 0.3138020828125 0.626953125 0.3098958328125 0.6318359375 0.3229166671875 0.6376953125
4 0.19140625 0.22265625 0.1809895828125 0.216796875 0.1705729171875 0.21875 0.15234375 0.216796875 0.1510416671875 0.2373046875 0.1341145828125 0.2421875 0.1263020828125 0.251953125 0.1197916671875 0.2509765625 0.125 0.2685546875 0.1197916671875 0.2744140625 0.1171875 0.2939453125 0.1223958328125 0.3115234375 0.1145833328125 0.3251953125 0.1145833328125 0.3388671875 0.1223958328125 0.3505859375 0.1223958328125 0.3603515625 0.1328125 0.3720703125 0.1354166671875 0.3857421875 0.1419270828125 0.388671875 0.1614583328125 0.3876953125 0.20703125 0.37890625 0.23697916718749998 0.3544921875 0.24739583281250002 0.3369140625 0.25 0.3232421875 0.24739583281250002 0.3017578125 0.2552083328125 0.2900390625 0.2526041671875 0.2685546875 0.23697916718749998 0.2470703125 0.20963541718749998 0.2265625 0.19140625 0.22265625
5 0.013020832812499999 0.4462890625 0.013020832812499999 0.4580078125 0.0208333328125 0.4619140625 0.0338541671875 0.4599609375 0.0338541671875 0.4443359375 0.02734375 0.44140625 0.013020832812499999 0.4462890625
5 0.1614583328125 0.4267578125 0.1705729171875 0.43359375 0.1848958328125 0.4326171875 0.1875 0.4267578125 0.1731770828125 0.412109375 0.1588541671875 0.4169921875 0.1614583328125 0.4267578125
5 0.3645833328125 0.2275390625 0.37109375 0.232421875 0.3802083328125 0.2314453125 0.3828125 0.2294921875 0.3802083328125 0.2236328125 0.3658854171875 0.21875 0.3645833328125 0.2275390625
5 0.5625 0.0751953125 0.55859375 0.06640625 0.5494791671875 0.0673828125 0.546875 0.0712890625 0.5533854171875 0.076171875 0.5625 0.0751953125
5 0.5572916671875 0.1357421875 0.5611979171875 0.138671875 0.5677083328125 0.1376953125 0.5703125 0.1298828125 0.5638020828125 0.126953125 0.5572916671875 0.1318359375 0.5572916671875 0.1357421875
5 0.64453125 0.427734375 0.640625 0.4306640625 0.6432291671875 0.4384765625 0.6497395828125 0.443359375 0.6640625 0.4443359375 0.671875 0.4384765625 0.66796875 0.4296875 0.64453125 0.427734375
5 0.3919270828125 0.626953125 0.3828125 0.6298828125 0.3828125 0.6337890625 0.3893229171875 0.638671875 0.4036458328125 0.6376953125 0.40625 0.6337890625 0.3997395828125 0.62890625 0.3919270828125 0.626953125
5 0.40625 0.7119140625 0.41015625 0.720703125 0.421875 0.7197265625 0.4153645828125 0.708984375 0.40625 0.7119140625
5 0.4231770828125 0.79296875 0.4192708328125 0.7998046875 0.4322916671875 0.8056640625 0.4375 0.8037109375 0.4375 0.7978515625 0.4309895828125 0.79296875 0.4231770828125 0.79296875
5 0.1927083328125 0.8466796875 0.20703125 0.857421875 0.21614583281250002 0.8564453125 0.20833333281250002 0.8447265625 0.1940104171875 0.8359375 0.1901041671875 0.8388671875 0.1927083328125 0.8466796875
5 0.0403645828125 0.83984375 0.0299479171875 0.83984375 0.0208333328125 0.8447265625 0.0208333328125 0.8486328125 0.0299479171875 0.8515625 0.03515625 0.857421875 0.046875 0.8564453125 0.046875 0.8486328125 0.0403645828125 0.83984375
5 0.6692708328125 0.8486328125 0.6783854171875 0.857421875 0.6875 0.8564453125 0.6901041671875 0.8505859375 0.6861979171875 0.84765625 0.6731770828125 0.845703125 0.6692708328125 0.8486328125
5 0.7395833328125 0.8486328125 0.7434895828125 0.857421875 0.7526041671875 0.8564453125 0.75390625 0.849609375 0.7395833328125 0.8486328125
5 0.21875 0.6279296875 0.22265625 0.634765625 0.234375 0.6337890625 0.23697916718749998 0.6318359375 0.23046875 0.626953125 0.22265625 0.625 0.21875 0.6279296875
5 0.0013020828125 0.693359375 0.0026041671875 0.7060546875 0.010416667187500001 0.7060546875 0.015625 0.7001953125 0.0013020828125 0.693359375
5 0.4635416671875 0.3486328125 0.4544270828125 0.34375 0.4466145828125 0.34375 0.4427083328125 0.3486328125 0.4453125 0.3564453125 0.44921875 0.359375 0.4583333328125 0.3583984375 0.4635416671875 0.3564453125 0.4635416671875 0.3486328125
5 0.4947916671875 0.3212890625 0.4947916671875 0.3154296875 0.48828125 0.310546875 0.4791666671875 0.3154296875 0.4856770828125 0.322265625 0.4947916671875 0.3212890625
4 0.1315104171875 0.03515625 0.1223958328125 0.0400390625 0.1197916671875 0.0537109375 0.1263020828125 0.0625 0.1432291671875 0.0615234375 0.1484375 0.0419921875 0.14453125 0.037109375 0.1315104171875 0.03515625
4 0.1822916671875 0.0830078125 0.171875 0.0712890625 0.1627604171875 0.068359375 0.1510416671875 0.0791015625 0.1510416671875 0.0947265625 0.16015625 0.10546875 0.1666666671875 0.1044921875 0.1796875 0.0947265625 0.1822916671875 0.0830078125
4 0.19921875 0.087890625 0.21875 0.0869140625 0.21875 0.0791015625 0.22916666718749998 0.0634765625 0.22916666718749998 0.0576171875 0.22526041718749998 0.052734375 0.20703125 0.044921875 0.19140625 0.044921875 0.1848958328125 0.0498046875 0.1848958328125 0.0810546875 0.1966145828125 0.083984375 0.19921875 0.087890625
4 0.20833333281250002 0.0224609375 0.1966145828125 0.009765625 0.1809895828125 0.005859375 0.1770833328125 0.0087890625 0.1744791671875 0.0263671875 0.1809895828125 0.033203125 0.1979166671875 0.0322265625 0.20833333281250002 0.0263671875 0.20833333281250002 0.0224609375
4 0.1588541671875 0.0009765625 0.1705729171875 0.015625 0.1848958328125 0.0146484375 0.20182291718749998 0.01171875 0.2109375 0.0068359375 0.21354166718749998 0.0009765625 0.1588541671875 0.0009765625
4 0.21614583281250002 0.0283203125 0.21354166718749998 0.0341796875 0.22526041718749998 0.044921875 0.24479166718749998 0.0439453125 0.2526041671875 0.0419921875 0.2552083328125 0.0341796875 0.24739583281250002 0.0224609375 0.23177083281250002 0.0107421875 0.234375 0.0048828125 0.22786458281250002 0.001953125 0.21875 0.0068359375 0.21875 0.0146484375 0.21354166718749998 0.0205078125 0.21614583281250002 0.0283203125
4 0.23046875 0 0.2265625 0.0029296875 0.22916666718749998 0.0126953125 0.23567708281250002 0.01953125 0.24609375 0.0234375 0.2630208328125 0.0224609375 0.265625 0.0126953125 0.2591145828125 0 0.23046875 0
4 0.4140625 0.4716796875 0.4114583328125 0.4638671875 0.40234375 0.4609375 0.4036458328125 0.4697265625 0.4075520828125 0.47265625 0.4140625 0.4716796875