5 0.8333333328125001 0.8291015625 0.8333333328125001 0.8388671875 0.8424479171874999 0.8515625 0.85546875 0.857421875 0.8671875 0.8564453125 0.8776041671874999 0.8408203125 0.8776041671874999 0.8291015625 0.8684895828125001 0.8203125 0.8541666671874999 0.8134765625 0.8567708328125001 0.8095703125 0.8502604171874999 0.806640625 0.8463541671874999 0.8212890625 0.8333333328125001 0.8291015625
4 0.1666666671875 0.9873046875 0.1744791671875 0.9814453125 0.1705729171875 0.97265625 0.1588541671875 0.9794921875 0.1588541671875 0.9853515625 0.1666666671875 0.9873046875
4 0.21484375 0.970703125 0.20052083281250002 0.9775390625 0.20052083281250002 0.9833984375 0.20963541718749998 0.990234375 0.21875 0.9892578125 0.22916666718749998 0.9833984375 0.22916666718749998 0.9794921875 0.22265625 0.97265625 0.21484375 0.970703125
5 0.30859375 0.0703125 0.2994791671875 0.0771484375 0.296875 0.0849609375 0.3033854171875 0.08984375 0.3151041671875 0.0888671875 0.3151041671875 0.0751953125 0.30859375 0.0703125
4 0.24348958281250002 0.986328125 0.25 0.9853515625 0.2604166671875 0.9814453125 0.2604166671875 0.9736328125 0.24869791718749998 0.96875 0.23567708281250002 0.970703125 0.23697916718749998 0.9833984375 0.24348958281250002 0.986328125
4 0.8815104171874999 0.974609375 0.8984375 0.9775390625 0.9114583328125001 0.9736328125 0.9114583328125001 0.9638671875 0.89453125 0.955078125 0.8763020828125001 0.958984375 0.8723958328125001 0.9677734375 0.8815104171874999 0.974609375
4 0.20182291718749998 0.955078125 0.21354166718749998 0.9541015625 0.22135416718749998 0.9482421875 0.22135416718749998 0.9384765625 0.20963541718749998 0.93359375 0.20052083281250002 0.9384765625 0.1953125 0.9501953125 0.20182291718749998 0.955078125
4 0.5651041671875 0.9384765625 0.5559895828125 0.9296875 0.54296875 0.9296875 0.5325520828125 0.93359375 0.5286458328125 0.9384765625 0.5286458328125 0.9423828125 0.53515625 0.947265625 0.5572916671875 0.9462890625 0.5651041671875 0.9423828125 0.5651041671875 0.9384765625
5 0.3059895828125 0.072265625 0.2994791671875 0.0791015625 0.2994791671875 0.0869140625 0.30859375 0.091796875 0.3125 0.0908203125 0.3151041671875 0.0751953125 0.3059895828125 0.072265625
5 0.7122395828125 0.6953125 0.71875 0.6943359375 0.7213541671875 0.6904296875 0.71875 0.6806640625 0.7044270828125 0.669921875 0.69921875 0.669921875 0.7005208328125 0.6884765625 0.7122395828125 0.6953125
5 0.4661458328125 0.5439453125 0.46875 0.5400390625 0.4544270828125 0.533203125 0.453125 0.5380859375 0.4622395828125 0.544921875 0.4661458328125 0.5439453125
5 0.5677083328125 0.3466796875 0.5611979171875 0.33984375 0.5455729171875 0.3359375 0.5442708328125 0.3681640625 0.5572916671875 0.3681640625 0.5677083328125 0.3603515625 0.5677083328125 0.3466796875
2 0.21875 0.4853515625 0.23697916718749998 0.4482421875 0.234375 0.4150390625 0.21744791718749998 0.40234375 0.20182291718749998 0.400390625 0.18359375 0.427734375 0.16796875 0.43359375 0.1471354171875 0.43359375 0.1028645828125 0.396484375 0.08203125 0.39453125 0.07291666718749999 0.4052734375 0.06770833281250001 0.4541015625 0.08333333281250001 0.4833984375 0.1028645828125 0.5 0.1158854171875 0.505859375 0.1341145828125 0.509765625 0.1614583328125 0.5107421875 0.20182291718749998 0.5 0.21875 0.4853515625
2 0.3880208328125 0.4248046875 0.3880208328125 0.4599609375 0.3932291671875 0.4794921875 0.4010416671875 0.4912109375 0.4309895828125 0.513671875 0.44921875 0.51953125 0.4817708328125 0.5205078125 0.5091145828125 0.515625 0.5325520828125 0.50390625 0.5442708328125 0.4931640625 0.5598958328125 0.4697265625 0.5677083328125 0.4501953125 0.5651041671875 0.4091796875 0.5520833328125 0.3955078125 0.5520833328125 0.3876953125 0.5455729171875 0.37890625 0.5234375 0.4267578125 0.50390625 0.439453125 0.48046875 0.4453125 0.4583333328125 0.4345703125 0.4375 0.4111328125 0.4348958328125 0.3974609375 0.4231770828125 0.384765625 0.4075520828125 0.388671875 0.4010416671875 0.3935546875 0.4010416671875 0.4072265625 0.3880208328125 0.4248046875
2 0.75 0.4384765625 0.7421875 0.4326171875 0.7473958328125 0.4228515625 0.7395833328125 0.4169921875 0.7395833328125 0.4091796875 0.7356770828125 0.404296875 0.72265625 0.404296875 0.703125 0.4228515625 0.6979166671875 0.4326171875 0.6979166671875 0.4580078125 0.7083333328125 0.4931640625 0.7369791671875 0.5224609375 0.74609375 0.52734375 0.7669270828125 0.533203125 0.8177083328125001 0.5380859375 0.8372395828125001 0.53515625 0.8606770828125001 0.5234375 0.8802083328125001 0.5087890625 0.8958333328125001 0.4912109375 0.9036458328125001 0.4599609375 0.8984375 0.4345703125 0.89453125 0.431640625 0.8763020828125001 0.43359375 0.87109375 0.4296875 0.8645833328125001 0.4365234375 0.8619791671874999 0.4482421875 0.8489583328125001 0.4560546875 0.8489583328125001 0.4599609375 0.8372395828125001 0.470703125 0.8294270828125001 0.466796875 0.7877604171875 0.46875 0.7708333328125 0.4580078125 0.76953125 0.453125 0.7526041671875 0.4501953125 0.75 0.4384765625
2 0.5481770828125 0.369140625 0.5546875 0.3681640625 0.5651041671875 0.3642578125 0.5677083328125 0.3486328125 0.5611979171875 0.33984375 0.5455729171875 0.3359375 0.5442708328125 0.3662109375 0.5481770828125 0.369140625
5 0.8841145828125001 0.810546875 0.8958333328125001 0.8095703125 0.8984375 0.8056640625 0.8932291671874999 0.7958984375 0.8893229171874999 0.791015625 0.8841145828125001 0.791015625 0.8776041671874999 0.8056640625 0.8841145828125001 0.810546875
4 0.5872395828125 0.9453125 0.5833333328125 0.9482421875 0.5859375 0.9619140625 0.6080729171875 0.98046875 0.6171875 0.9814453125 0.6197916671875 0.9775390625 0.6067708328125 0.9541015625 0.5950520828125 0.9453125 0.5872395828125 0.9453125
4 0.87109375 0.935546875 0.8645833328125001 0.9404296875 0.8645833328125001 0.9462890625 0.8684895828125001 0.94921875 0.875 0.9482421875 0.8880208328125001 0.9462890625 0.8880208328125001 0.9423828125 0.87890625 0.935546875 0.87109375 0.935546875
4 0.25390625 0.927734375 0.24869791718749998 0.927734375 0.2526041671875 0.9384765625 0.26953125 0.94921875 0.2734375 0.9482421875 0.2734375 0.9423828125 0.25390625 0.927734375
4 0.2864583328125 0.9775390625 0.2890625 0.9716796875 0.27734375 0.96484375 0.2682291671875 0.9697265625 0.2747395828125 0.9765625 0.2864583328125 0.9775390625
4 0.2643229171875 0.958984375 0.2565104171875 0.95703125 0.2526041671875 0.9599609375 0.25390625 0.96484375 0.265625 0.9658203125 0.2682291671875 0.9619140625 0.2643229171875 0.958984375
4 0.23307291718749998 0.958984375 0.22265625 0.95703125 0.21875 0.9599609375 0.22005208281250002 0.966796875 0.234375 0.9658203125 0.23697916718749998 0.9619140625 0.23307291718749998 0.958984375
4 0.1822916671875 0.9521484375 0.1822916671875 0.9443359375 0.1783854171875 0.943359375 0.171875 0.9482421875 0.171875 0.9521484375 0.1822916671875 0.9521484375
4 0.1770833328125 0.9951171875 0.1901041671875 0.9951171875 0.1953125 0.9931640625 0.1953125 0.9892578125 0.1888020828125 0.984375 0.1783854171875 0.984375 0.1744791671875 0.9892578125 0.1770833328125 0.9951171875
4 0.1770833328125 0.9990234375 0.1770833328125 0.9931640625 0.1653645828125 0.98828125 0.15625 0.9970703125 0.1575520828125 1 0.1770833328125 0.9990234375
5 0.23177083281250002 0.8994140625 0.234375 0.8876953125 0.22786458281250002 0.88671875 0.22395833281250002 0.8974609375 0.23177083281250002 0.8994140625
5 0.23046875 0.884765625 0.23697916718749998 0.8837890625 0.24739583281250002 0.8759765625 0.24739583281250002 0.8701171875 0.24088541718749998 0.8671875 0.23177083281250002 0.8720703125 0.22916666718749998 0.8798828125 0.23046875 0.884765625
5 0.7955729171875 0.90625 0.8125 0.9072265625 0.8125 0.9013671875 0.8059895828125001 0.896484375 0.7981770828125 0.892578125 0.7864583328125 0.8935546875 0.7890625 0.9013671875 0.7955729171875 0.90625
5 0.8072916671874999 0.8818359375 0.8098958328125001 0.8720703125 0.80078125 0.87109375 0.796875 0.8818359375 0.8072916671874999 0.8818359375
5 0.4895833328125 0.2333984375 0.4921875 0.2255859375 0.4830729171875 0.224609375 0.4817708328125 0.2314453125 0.4895833328125 0.2333984375
5 0.3072916671875 0.1591796875 0.3125 0.1552734375 0.30078125 0.146484375 0.2942708328125 0.1513671875 0.2942708328125 0.1591796875 0.3072916671875 0.1591796875