4 0.98828125 0.3015625 0.0234375 0.0265625
4 0.65625 0.1494140625 0.6510416671875 0.1396484375 0.6419270828125 0.13671875 0.6354166671875 0.1435546875 0.6328125 0.1572265625 0.6393229171875 0.162109375 0.6510416671875 0.1611328125 0.65625 0.1494140625
4 0.6588541671875 0.2177734375 0.6666666671875 0.2119140625 0.6640625 0.2001953125 0.6497395828125 0.189453125 0.63671875 0.19140625 0.625 0.2021484375 0.6276041671875 0.2138671875 0.63671875 0.21875 0.6588541671875 0.2177734375
4 0.7369791671875 0.4228515625 0.734375 0.4169921875 0.7174479171875 0.40625 0.64453125 0.416015625 0.6236979171875 0.3984375 0.6028645828125 0.3984375 0.5950520828125 0.40234375 0.5872395828125 0.396484375 0.56640625 0.396484375 0.55078125 0.404296875 0.54296875 0.404296875 0.5416666671875 0.3994140625 0.5325520828125 0.396484375 0.5286458328125 0.4033203125 0.5338541671875 0.4072265625 0.5338541671875 0.4150390625 0.5416666671875 0.4287109375 0.5455729171875 0.4296875 0.55859375 0.423828125 0.5651041671875 0.4306640625 0.5572916671875 0.4384765625 0.5598958328125 0.4443359375 0.5911458328125 0.4638671875 0.6041666671875 0.4814453125 0.6080729171875 0.484375 0.6328125 0.4853515625 0.6419270828125 0.482421875 0.6705729171875 0.484375 0.6940104171875 0.4765625 0.7109375 0.4619140625 0.7057291671875 0.4521484375 0.7200520828125 0.4453125 0.7291666671875 0.4365234375 0.7369791671875 0.4228515625
4 0.3684895828125 0.380859375 0.3502604171875 0.384765625 0.3372395828125 0.375 0.33203125 0.375 0.3216145828125 0.365234375 0.30859375 0.361328125 0.2903645828125 0.361328125 0.2721354171875 0.369140625 0.2565104171875 0.36328125 0.24088541718749998 0.36328125 0.22786458281250002 0.37109375 0.20963541718749998 0.375 0.1979166671875 0.3837890625 0.1979166671875 0.3955078125 0.203125 0.4072265625 0.1901041671875 0.4248046875 0.20052083281250002 0.4423828125 0.21484375 0.455078125 0.22265625 0.455078125 0.23046875 0.4609375 0.2799479171875 0.462890625 0.2981770828125 0.470703125 0.3020833328125 0.4697265625 0.32421875 0.4609375 0.3450520828125 0.45703125 0.3697916671875 0.4423828125 0.3932291671875 0.4052734375 0.3802083328125 0.3974609375 0.3828125 0.3935546875 0.3802083328125 0.3857421875 0.3684895828125 0.380859375
4 0.30078125 0.19921875 0.28515625 0.203125 0.2760416671875 0.2119140625 0.2799479171875 0.220703125 0.2942708328125 0.2197265625 0.3098958328125 0.2080078125 0.30078125 0.19921875
4 0.28125 0.1845703125 0.28515625 0.189453125 0.296875 0.1904296875 0.3020833328125 0.1865234375 0.2955729171875 0.1796875 0.28125 0.1845703125
5 0.3541666671875 0.2412109375 0.3619791671875 0.2353515625 0.3671875 0.2236328125 0.3606770828125 0.216796875 0.3424479171875 0.220703125 0.3333333328125 0.2275390625 0.3333333328125 0.2353515625 0.33984375 0.2421875 0.3541666671875 0.2412109375
5 0.69921875 0.53125 0.7161458328125 0.5302734375 0.7265625 0.5244140625 0.7291666671875 0.5166015625 0.7239583328125 0.5048828125 0.7174479171875 0.5 0.7122395828125 0.5 0.6927083328125 0.5126953125 0.6901041671875 0.5263671875 0.69921875 0.53125
4 0.63671875 0.072265625 0.6328125 0.0751953125 0.6266419109375 0.08592068124999999 0.6285199593749999 0.088737753125 0.647926453125 0.089207265625 0.6458333328125 0.0751953125 0.63671875 0.072265625
4 0.635203765625 0.099883909375 0.6392570265625 0.09727824375 0.65334693125 0.0977125203125 0.657207178125 0.0936592609375 0.657207178125 0.08946124062500001 0.6502587328125 0.0893164828125 0.64118715 0.0936592609375 0.635010753125 0.09221166875 0.63037845625 0.0932249828125 0.63037845625 0.09858107656250001 0.635203765625 0.099883909375
5 0.0625 0.1123046875 0.078125 0.0986328125 0.078125 0.0908203125 0.07161458281250001 0.0859375 0.05598958281250001 0.0859375 0.0442708328125 0.0966796875 0.046875 0.1064453125 0.05598958281250001 0.11328125 0.0625 0.1123046875
5 0.0377604171875 0.150390625 0.03515625 0.15234375 0.0325520828125 0.15234375 0.0286458328125 0.1552734375 0.0286458328125 0.1611328125 0.0325520828125 0.1640625 0.03515625 0.1640625 0.0377604171875 0.166015625 0.04296875 0.166015625 0.0442708328125 0.1650390625 0.046875 0.1630859375 0.046875 0.1611328125 0.0494791671875 0.1591796875 0.0494791671875 0.1572265625 0.046875 0.1552734375 0.046875 0.1533203125 0.04296875 0.150390625 0.0377604171875 0.150390625
5 0.1197916671875 0.3544921875 0.12890625 0.361328125 0.13671875 0.361328125 0.1380208328125 0.3603515625 0.1393229171875 0.359375 0.1419270828125 0.359375 0.1432291671875 0.3583984375 0.1432291671875 0.3466796875 0.13671875 0.341796875 0.1236979171875 0.341796875 0.1197916671875 0.3447265625 0.1197916671875 0.3544921875
5 0.1432291671875 0.4072265625 0.140625 0.4052734375 0.140625 0.4013671875 0.1393229171875 0.400390625 0.13671875 0.400390625 0.1341145828125 0.3984375 0.1315104171875 0.3984375 0.12890625 0.400390625 0.1263020828125 0.400390625 0.1236979171875 0.40234375 0.12109375 0.40234375 0.1171875 0.4052734375 0.1171875 0.4072265625 0.1145833328125 0.4091796875 0.1145833328125 0.4130859375 0.1171875 0.4150390625 0.1171875 0.4189453125 0.1197916671875 0.4208984375 0.1197916671875 0.4228515625 0.12109375 0.423828125 0.1236979171875 0.423828125 0.125 0.4228515625 0.1263020828125 0.421875 0.12890625 0.421875 0.1315104171875 0.419921875 0.1341145828125 0.419921875 0.1354166671875 0.4189453125 0.1354166671875 0.4169921875 0.1432291671875 0.4111328125 0.1432291671875 0.4072265625
5 0.1028645828125 0.52734375 0.09505208281250001 0.52734375 0.08854166718749999 0.5322265625 0.08854166718749999 0.5380859375 0.09635416718749999 0.5400390625 0.1067708328125 0.5302734375 0.1028645828125 0.52734375
5 0.1614583328125 0.5693359375 0.1614583328125 0.5595703125 0.1549479171875 0.5546875 0.1458333328125 0.5595703125 0.140625 0.5712890625 0.1471354171875 0.578125 0.1510416671875 0.5771484375 0.1614583328125 0.5693359375
5 0.0625 0.5908203125 0.06380208281250001 0.58203125 0.0546875 0.5869140625 0.05598958281250001 0.591796875 0.0625 0.5908203125
5 0.22005208281250002 0.615234375 0.21484375 0.615234375 0.20833333281250002 0.6201171875 0.20833333281250002 0.6298828125 0.21614583281250002 0.6298828125 0.22135416718749998 0.6259765625 0.22005208281250002 0.615234375
5 0.265625 0.6474609375 0.2565104171875 0.64453125 0.2526041671875 0.6474609375 0.2526041671875 0.6572265625 0.265625 0.6572265625 0.2682291671875 0.6513671875 0.265625 0.6474609375
5 0.1002604171875 0.765625 0.09244791718749999 0.765625 0.08072916718749999 0.7724609375 0.08072916718749999 0.7841796875 0.09635416718749999 0.7861328125 0.1067708328125 0.7783203125 0.1002604171875 0.765625
5 0.7057291671875 0.7958984375 0.7057291671875 0.7861328125 0.69921875 0.783203125 0.6888020828125 0.787109375 0.6848958328125 0.7919921875 0.6888020828125 0.798828125 0.6979166671875 0.7998046875 0.7057291671875 0.7958984375
5 0.7526041671875 0.8388671875 0.7526041671875 0.8291015625 0.73828125 0.826171875 0.734375 0.8291015625 0.734375 0.8388671875 0.7408854171875 0.84375 0.7447916671875 0.8427734375 0.7526041671875 0.8388671875
5 0.7161458328125 0.7119140625 0.71875 0.7197265625 0.7291666671875 0.7197265625 0.7317708328125 0.7099609375 0.7200520828125 0.70703125 0.7161458328125 0.7119140625
5 0.8424479171874999 0.736328125 0.8372395828125001 0.736328125 0.8333333328125001 0.7392578125 0.8333333328125001 0.7470703125 0.8411458328125001 0.7490234375 0.8463541671874999 0.7412109375 0.8424479171874999 0.736328125
5 0.8151041671874999 0.5986328125 0.8216145828125001 0.603515625 0.828125 0.6025390625 0.8307291671874999 0.5947265625 0.8190104171874999 0.591796875 0.8151041671874999 0.5986328125
5 0.7838541671875 0.5498046875 0.7838541671875 0.5576171875 0.7916666671875 0.5615234375 0.796875 0.5517578125 0.7903645828125 0.544921875 0.7838541671875 0.5498046875
5 0.8502604171874999 0.517578125 0.8463541671874999 0.5263671875 0.8541666671874999 0.5302734375 0.859375 0.5283203125 0.859375 0.5205078125 0.8502604171874999 0.517578125
5 0.9583333328125001 0.5517578125 0.9596354171874999 0.55859375 0.9713541671874999 0.5576171875 0.9739583328125001 0.5517578125 0.9700520828125001 0.548828125 0.9583333328125001 0.5517578125
5 0.8125 0.3798828125 0.8151041671874999 0.3759765625 0.80859375 0.373046875 0.8046875 0.3798828125 0.8125 0.3798828125
5 0.8385416671874999 0.4248046875 0.8411458328125001 0.4208984375 0.8346354171874999 0.41796875 0.8307291671874999 0.4228515625 0.8385416671874999 0.4248046875
5 0.8138020828125001 0.43359375 0.8059895828125001 0.435546875 0.8046875 0.4423828125 0.80859375 0.4453125 0.8151041671874999 0.4443359375 0.8177083328125001 0.4365234375 0.8138020828125001 0.43359375
5 0.4036458328125 0.5595703125 0.40625 0.5537109375 0.40234375 0.55078125 0.39453125 0.55078125 0.3802083328125 0.5576171875 0.3776041671875 0.5712890625 0.3854166671875 0.5732421875 0.4036458328125 0.5595703125
5 0.1223958328125 0.2529296875 0.1236979171875 0.2421875 0.109375 0.2470703125 0.1106770828125 0.25390625 0.1223958328125 0.2529296875
4 1 0.4052734375 0.9973958328125001 0.4033203125 1 0.3857421875 0.99609375 0.375 0.9596354171874999 0.380859375 0.9453125 0.3916015625 0.9440104171874999 0.3984375 0.9388020828125001 0.400390625 0.93359375 0.3984375 0.9296875 0.4013671875 0.9270833328125001 0.4130859375 0.9036458328125001 0.4306640625 0.9036458328125001 0.4345703125 0.91796875 0.453125 0.92578125 0.453125 0.9296875 0.4443359375 0.93359375 0.443359375 0.9700520828125001 0.47265625 0.9973958328125001 0.4736328125 1 0.4716796875 1 0.4052734375