4 0.0221354171875 0.712890625 0.0286458328125 0.7080078125 0.0286458328125 0.7021484375 0.01953125 0.697265625 0.00390625 0.69921875 0 0.7080078125 0.009114582812499999 0.712890625 0.0221354171875 0.712890625
2 0.30009920625 0.3980654765625 0.3020833328125 0.3623046875 0.296875 0.3525390625 0.27734375 0.33984375 0.07161458281250001 0.33984375 0.006510417187500001 0.34375 0.0026041671875 0.3486328125 0.0830853171875 0.35435267812500004 0.1860119046875 0.3785342265625 0.20833333281250002 0.411086309375 0.21205357187499999 0.4222470234375 0.22569444375 0.426897321875 0.24305555625 0.4389880953125 0.26909722187499996 0.43340773749999995 0.2876984125 0.42131696406249997 0.293898809375 0.412946428125 0.30009920625 0.3980654765625
4 0.23046875 0.23828125 0.23958333281250002 0.2314453125 0.23307291718749998 0.203125 0.21223958281250002 0.203125 0.203125 0.2119140625 0.20052083281250002 0.2275390625 0.20703125 0.236328125 0.23046875 0.23828125
2 0.23685515937499999 0.16462053593749998 0.21205357187499999 0.1618303578125 0.19717261875 0.1636904765625 0.17113095312499998 0.17392113125 0.16493055625 0.19996279687500002 0.162450396875 0.22693452343749998 0.1860119046875 0.24925595312499998 0.2095734125 0.254836309375 0.240575396875 0.24646577343749998 0.2554563484375 0.233444940625 0.2641369046875 0.2185639875 0.262896825 0.19345238125 0.2542162703125 0.17392113125 0.23685515937499999 0.16462053593749998
5 0.125 0.1708984375 0.1223958328125 0.1806640625 0.12890625 0.18359375 0.1458333328125 0.1767578125 0.1419270828125 0.166015625 0.125 0.1708984375
5 0.4192708328125 0.6728515625 0.41015625 0.66015625 0.3841145828125 0.662109375 0.3776041671875 0.6689453125 0.38671875 0.6796875 0.4075520828125 0.6796875 0.4192708328125 0.6728515625
5 0.3763020828125 0.701171875 0.4153645828125 0.677734375 0.4192708328125 0.6689453125 0.4127604171875 0.66015625 0.3919270828125 0.66015625 0.3763020828125 0.6640625 0.3697916671875 0.6728515625 0.3671875 0.6982421875 0.3763020828125 0.701171875
5 0.6276041671875 0.4755859375 0.62109375 0.466796875 0.6080729171875 0.466796875 0.6041666671875 0.4697265625 0.60546875 0.478515625 0.62109375 0.48046875 0.6276041671875 0.4755859375
5 0.671875 0.2900390625 0.6653645828125 0.279296875 0.65234375 0.279296875 0.6510416671875 0.2861328125 0.6575520828125 0.291015625 0.6653645828125 0.29296875 0.671875 0.2900390625
5 0.6809895828125 0.17578125 0.6770833328125 0.1845703125 0.6861979171875 0.193359375 0.69140625 0.193359375 0.6953125 0.1806640625 0.6809895828125 0.17578125
5 0.24869791718749998 0.00390625 0.24479166718749998 0.0068359375 0.24739583281250002 0.0126953125 0.2565104171875 0.013671875 0.2604166671875 0.0068359375 0.24869791718749998 0.00390625
5 0.8543195859375 0.7743214625 0.8523070546874999 0.7720573640625 0.8452631937499999 0.771302665625 0.8417412656250001 0.7739441125 0.8422443968750001 0.777717609375 0.84928825625 0.78035905625 0.85482271875 0.776962909375 0.8543195859375 0.7743214625
5 0.665644765625 0.5301762453125 0.6661478984375 0.5286668453125001 0.6631291015625 0.524516 0.6591040390625 0.524516 0.65306644375 0.5264027484375 0.652060178125 0.5286668453125001 0.6560852406250001 0.53130829375 0.6606134375 0.53130829375 0.665644765625 0.5301762453125
4 0.1118825359375 0.34436572656250003 0.10534394531249999 0.34327596250000003 0.0958993171875 0.34382084375 0.0893607265625 0.34709013906249997 0.0922667671875 0.350359434375 0.103890925 0.350359434375 0.11478857499999999 0.3487247859375 0.1118825359375 0.34436572656250003
4 0.17072984375 0.3498145515625 0.1700033328125 0.347635021875 0.1620117234375 0.34600037499999997 0.1540201140625 0.34600037499999997 0.1489345453125 0.3487247859375 0.156926153125 0.350904315625 0.1685503140625 0.35199408125 0.17072984375 0.3498145515625
4 0.2993221078125 0.37324449843749996 0.30150163750000003 0.3705200859375 0.300775128125 0.367250790625 0.29641606875000004 0.364526378125 0.29060398906249996 0.3623468484375 0.28188586875 0.36289173125 0.28188586875 0.367250790625 0.2876979484375 0.3721547328125 0.2993221078125 0.37324449843749996
2 0.2524301515625 0.6991003890624999 0.24259521093749997 0.6827088203125 0.23822412656249997 0.675332615625 0.21964701562500002 0.660580203125 0.21964701562500002 0.6548431546875 0.21855424375000002 0.64336905625 0.21527593125000002 0.63435369375 0.202162675 0.6269774875 0.1868638796875 0.6269774875 0.16610122656249998 0.6310753796874999 0.1486168859375 0.6425494781250001 0.134410859375 0.6663172515625 0.131132546875 0.667956409375 0.1180192921875 0.675332615625 0.1059988078125 0.685987134375 0.10272049531250001 0.7023787031250001 0.11036989374999999 0.711394065625 0.14315302968750002 0.7171311140625 0.158451828125 0.7261464765625 0.17047231093749998 0.7335226828125 0.17702893749999998 0.736800996875 0.199977134375 0.7408988890625 0.21855424375000002 0.738440153125 0.23276027031250002 0.729424790625 0.241502440625 0.7228681625 0.25133738125 0.7097549078125 0.2524301515625 0.6991003890624999