4 0.064453125 0.8424479171874999 0.0654296875 0.828125 0.0556640625 0.8177083328125001 0.0400390625 0.8177083328125001 0.03515625 0.82421875 0.0439453125 0.84375 0.0537109375 0.8463541671874999 0.064453125 0.8424479171874999
5 0.662109375 0.8763020828125001 0.6611328125 0.8645833328125001 0.6494140625 0.8619791671874999 0.642578125 0.87109375 0.642578125 0.8815104171874999 0.6455078125 0.8854166671874999 0.6591796875 0.8828125 0.662109375 0.8763020828125001
5 0.6083984375 0.890625 0.6025390625 0.890625 0.59765625 0.8997395828125001 0.6064453125 0.9036458328125001 0.609375 0.8997395828125001 0.6083984375 0.890625
5 0.408203125 0.62109375 0.4072265625 0.6119791671875 0.3955078125 0.6119791671875 0.392578125 0.6158854171875 0.392578125 0.62890625 0.3974609375 0.6328125 0.4013671875 0.6302083328125 0.408203125 0.62109375
5 0.4306640625 0.9010416671874999 0.4228515625 0.8984375 0.419921875 0.91015625 0.4228515625 0.9140625 0.4306640625 0.9140625 0.4306640625 0.9010416671874999
5 0.4462890625 0.6588541671875 0.4375 0.6627604171875 0.4404296875 0.671875 0.447265625 0.66796875 0.4462890625 0.6588541671875
5 0.6376953125 0.6770833328125 0.6337890625 0.671875 0.6279296875 0.6744791671875 0.626953125 0.6861979171875 0.6318359375 0.6901041671875 0.6376953125 0.6770833328125
4 0.2939453125 0.8828125 0.3115234375 0.8776041671874999 0.3251953125 0.8854166671874999 0.3388671875 0.8854166671874999 0.3505859375 0.8776041671874999 0.3603515625 0.8776041671874999 0.3720703125 0.8671875 0.3857421875 0.8645833328125001 0.388671875 0.8580729171874999 0.3876953125 0.8385416671874999 0.37890625 0.79296875 0.3544921875 0.7630208328125 0.3369140625 0.7526041671875 0.3232421875 0.75 0.3017578125 0.7526041671875 0.2900390625 0.7447916671875 0.2685546875 0.7473958328125 0.2470703125 0.7630208328125 0.2265625 0.7903645828125 0.22265625 0.80859375 0.216796875 0.8190104171874999 0.21875 0.8294270828125001 0.216796875 0.84765625 0.2373046875 0.8489583328125001 0.2421875 0.8658854171874999 0.251953125 0.8736979171874999 0.2509765625 0.8802083328125001 0.2685546875 0.875 0.2744140625 0.8802083328125001 0.2939453125 0.8828125
5 0.4443359375 0.9661458328125001 0.44140625 0.97265625 0.4462890625 0.9869791671874999 0.4580078125 0.9869791671874999 0.4619140625 0.9791666671874999 0.4599609375 0.9661458328125001 0.4443359375 0.9661458328125001
5 0.412109375 0.8268229171874999 0.4169921875 0.8411458328125001 0.4267578125 0.8385416671874999 0.43359375 0.8294270828125001 0.4326171875 0.8151041671874999 0.4267578125 0.8125 0.412109375 0.8268229171874999
5 0.2236328125 0.6197916671875 0.21875 0.6341145828125 0.2275390625 0.6354166671875 0.232421875 0.62890625 0.2314453125 0.6197916671875 0.2294921875 0.6171875 0.2236328125 0.6197916671875
5 0.0751953125 0.4375 0.06640625 0.44140625 0.0673828125 0.4505208328125 0.0712890625 0.453125 0.076171875 0.4466145828125 0.0751953125 0.4375
5 0.126953125 0.4361979171875 0.1318359375 0.4427083328125 0.1357421875 0.4427083328125 0.138671875 0.4388020828125 0.1376953125 0.4322916671875 0.1298828125 0.4296875 0.126953125 0.4361979171875
5 0.443359375 0.3502604171875 0.4443359375 0.3359375 0.4384765625 0.328125 0.4296875 0.33203125 0.427734375 0.35546875 0.4306640625 0.359375 0.4384765625 0.3567708328125 0.443359375 0.3502604171875
5 0.638671875 0.6106770828125 0.6376953125 0.5963541671875 0.6337890625 0.59375 0.62890625 0.6002604171875 0.626953125 0.6080729171875 0.6298828125 0.6171875 0.6337890625 0.6171875 0.638671875 0.6106770828125
5 0.7197265625 0.578125 0.708984375 0.5846354171875 0.7119140625 0.59375 0.720703125 0.58984375 0.7197265625 0.578125
5 0.7978515625 0.5625 0.79296875 0.5690104171875 0.79296875 0.5768229171875 0.7998046875 0.5807291671875 0.8056640625 0.5677083328125 0.8037109375 0.5625 0.7978515625 0.5625
5 0.8359375 0.8059895828125001 0.8388671875 0.8098958328125001 0.8466796875 0.8072916671874999 0.857421875 0.79296875 0.8564453125 0.7838541671875 0.8447265625 0.7916666671875 0.8359375 0.8059895828125001
5 0.8447265625 0.9791666671874999 0.8486328125 0.9791666671874999 0.8515625 0.9700520828125001 0.857421875 0.96484375 0.8564453125 0.953125 0.8486328125 0.953125 0.83984375 0.9596354171874999 0.83984375 0.9700520828125001 0.8447265625 0.9791666671874999
5 0.84765625 0.3138020828125 0.845703125 0.3268229171875 0.8486328125 0.3307291671875 0.857421875 0.3216145828125 0.8564453125 0.3125 0.8505859375 0.3098958328125 0.84765625 0.3138020828125
5 0.8564453125 0.24739583281250002 0.849609375 0.24609375 0.8486328125 0.2604166671875 0.857421875 0.2565104171875 0.8564453125 0.24739583281250002
5 0.626953125 0.76953125 0.625 0.77734375 0.6279296875 0.78125 0.634765625 0.77734375 0.6337890625 0.765625 0.6318359375 0.7630208328125 0.626953125 0.76953125
5 0.7060546875 0.9895833328125001 0.7001953125 0.984375 0.693359375 0.9986979171874999 0.7060546875 0.9973958328125001 0.7060546875 0.9895833328125001
5 0.34375 0.5533854171875 0.3486328125 0.5572916671875 0.3564453125 0.5546875 0.359375 0.55078125 0.3583984375 0.5416666671875 0.3564453125 0.5364583328125 0.3486328125 0.5364583328125 0.34375 0.5455729171875 0.34375 0.5533854171875
5 0.3212890625 0.5052083328125 0.3154296875 0.5052083328125 0.310546875 0.51171875 0.3154296875 0.5208333328125 0.322265625 0.5143229171875 0.3212890625 0.5052083328125
4 0.0625 0.8736979171874999 0.0615234375 0.8567708328125001 0.0419921875 0.8515625 0.037109375 0.85546875 0.03515625 0.8684895828125001 0.0400390625 0.8776041671874999 0.0537109375 0.8802083328125001 0.0625 0.8736979171874999
4 0.068359375 0.8372395828125001 0.0791015625 0.8489583328125001 0.0947265625 0.8489583328125001 0.10546875 0.83984375 0.1044921875 0.8333333328125001 0.0947265625 0.8203125 0.0830078125 0.8177083328125001 0.0712890625 0.828125 0.068359375 0.8372395828125001
4 0.083984375 0.8033854171874999 0.087890625 0.80078125 0.0869140625 0.78125 0.0791015625 0.78125 0.0634765625 0.7708333328125 0.0576171875 0.7708333328125 0.052734375 0.7747395828125 0.044921875 0.79296875 0.044921875 0.80859375 0.0498046875 0.8151041671874999 0.0810546875 0.8151041671874999 0.083984375 0.8033854171874999
4 0.005859375 0.8190104171874999 0.0087890625 0.8229166671874999 0.0263671875 0.8255208328125001 0.033203125 0.8190104171874999 0.0322265625 0.8020833328125001 0.0263671875 0.7916666671875 0.0224609375 0.7916666671875 0.009765625 0.8033854171874999 0.005859375 0.8190104171874999
4 0.0068359375 0.7890625 0.0009765625 0.7864583328125 0.0009765625 0.8411458328125001 0.015625 0.8294270828125001 0.0146484375 0.8151041671874999 0.01171875 0.7981770828125 0.0068359375 0.7890625
4 0.0068359375 0.78125 0.0146484375 0.78125 0.0205078125 0.7864583328125 0.0283203125 0.7838541671875 0.0341796875 0.7864583328125 0.044921875 0.7747395828125 0.0439453125 0.7552083328125 0.0419921875 0.7473958328125 0.0341796875 0.7447916671875 0.0224609375 0.7526041671875 0.0107421875 0.7682291671875 0.0048828125 0.765625 0.001953125 0.7721354171875 0.0068359375 0.78125
4 0 0.76953125 0.0029296875 0.7734375 0.0126953125 0.7708333328125 0.01953125 0.7643229171875 0.0234375 0.75390625 0.0224609375 0.7369791671875 0.0126953125 0.734375 0 0.7408854171875 0 0.76953125
4 0.4716796875 0.5859375 0.4638671875 0.5885416671875 0.4609375 0.59765625 0.4697265625 0.5963541671875 0.47265625 0.5924479171875 0.4716796875 0.5859375