4 0.99609375 0.30078125 1 0.2919921875 0.9908854171874999 0.287109375 0.9778645828125001 0.287109375 0.9713541671874999 0.2919921875 0.9713541671874999 0.2978515625 0.98046875 0.302734375 0.99609375 0.30078125
2 0.9283854171874999 0.66015625 0.9934895828125001 0.65625 0.9973958328125001 0.6513671875 0.9169146828124999 0.6456473218750001 0.8139880953124999 0.6214657734375 0.7916666671875 0.588913690625 0.7879464281249999 0.5777529765625 0.7743055562500001 0.5731026781249999 0.7569444437499999 0.5610119046875 0.730902778125 0.5665922625 0.7123015875 0.5786830359375 0.706101190625 0.5870535718750001 0.69990079375 0.6019345234375 0.6979166671875 0.6376953125 0.703125 0.6474609375 0.72265625 0.66015625 0.9283854171874999 0.66015625
4 0.796875 0.7880859375 0.7994791671875 0.7724609375 0.79296875 0.763671875 0.76953125 0.76171875 0.7604166671875 0.7685546875 0.7669270828125 0.796875 0.7877604171875 0.796875 0.796875 0.7880859375
2 0.8350694437499999 0.800037203125 0.837549603125 0.7730654765625 0.8139880953124999 0.750744046875 0.7904265875 0.745163690625 0.759424603125 0.7535342265625 0.7445436515625 0.766555059375 0.7358630953125 0.7814360125 0.737103175 0.80654761875 0.7457837296875 0.82607886875 0.763144840625 0.8353794640625001 0.7879464281249999 0.8381696421875 0.80282738125 0.8363095234375001 0.828869046875 0.82607886875 0.8350694437499999 0.800037203125
5 0.8580729171874999 0.833984375 0.875 0.8291015625 0.8776041671874999 0.8193359375 0.87109375 0.81640625 0.8541666671874999 0.8232421875 0.8580729171874999 0.833984375
5 0.61328125 0.3203125 0.5924479171875 0.3203125 0.5807291671875 0.3271484375 0.58984375 0.33984375 0.6158854171875 0.337890625 0.6223958328125 0.3310546875 0.61328125 0.3203125
5 0.6080729171875 0.33984375 0.6236979171875 0.3359375 0.6302083328125 0.3271484375 0.6328125 0.3017578125 0.6236979171875 0.298828125 0.5846354171875 0.322265625 0.5807291671875 0.3310546875 0.5872395828125 0.33984375 0.6080729171875 0.33984375
5 0.39453125 0.521484375 0.37890625 0.51953125 0.3723958328125 0.5244140625 0.37890625 0.533203125 0.3919270828125 0.533203125 0.3958333328125 0.5302734375 0.39453125 0.521484375
5 0.3424479171875 0.708984375 0.3346354171875 0.70703125 0.328125 0.7099609375 0.3346354171875 0.720703125 0.34765625 0.720703125 0.3489583328125 0.7138671875 0.3424479171875 0.708984375
5 0.3046875 0.8193359375 0.3190104171875 0.82421875 0.3229166671875 0.8154296875 0.3138020828125 0.806640625 0.30859375 0.806640625 0.3046875 0.8193359375
5 0.7395833328125 0.9931640625 0.7513020828125 0.99609375 0.7552083328125 0.9931640625 0.7526041671875 0.9873046875 0.7434895828125 0.986328125 0.7395833328125 0.9931640625
5 0.157755603125 0.222282390625 0.15071174375000002 0.21964094374999998 0.14517728125 0.22303709062500002 0.1456804140625 0.22567853750000003 0.1476929453125 0.2279426359375 0.15473680625 0.228697334375 0.158258734375 0.2260558875 0.157755603125 0.222282390625
5 0.34693355625 0.4735972515625 0.347939821875 0.4713331546875 0.343914759375 0.46869170625 0.3393865625 0.46869170625 0.334355234375 0.46982375468750004 0.3338521015625 0.4713331546875 0.3368708984375 0.47548399999999996 0.3408959609375 0.47548399999999996 0.34693355625 0.4735972515625
4 0.9077332328125 0.649640565625 0.896109075 0.649640565625 0.8852114249999999 0.6512752140625 0.8881174640625 0.6556342734375 0.8946560546875 0.6567240375 0.9041006828124999 0.65617915625 0.9106392734375 0.6529098609374999 0.9077332328125 0.649640565625
4 0.8510654546875 0.6512752140625 0.8430738468750001 0.649095684375 0.8314496859375 0.64800591875 0.82927015625 0.6501854484375 0.8299966671875 0.6523649781249999 0.8379882765625 0.653999625 0.8459798859375001 0.653999625 0.8510654546875 0.6512752140625
4 0.7093960109374999 0.6376531515625 0.71811413125 0.63710826875 0.71811413125 0.632749209375 0.7123020515625 0.6278452671875 0.7006778921875 0.6267555015624999 0.6984983625 0.6294799140625 0.699224871875 0.632749209375 0.7035839312500001 0.635473621875 0.7093960109374999 0.6376531515625
2 0.780352984375 0.3451568453125 0.78144575625 0.35663094375000004 0.78472406875 0.36564630625 0.7978373249999999 0.3730225125 0.8131361203124999 0.3730225125 0.8338987734375 0.3689246203125 0.8513831140624999 0.35745052187500004 0.8655891406249999 0.3336827484375 0.8688674531249999 0.332043590625 0.8819807078125 0.324667384375 0.8940011921875 0.31401286562499997 0.8972795046875 0.297621296875 0.8896301062499999 0.288605934375 0.8568469703125 0.28286888593750004 0.841548171875 0.2738535234375 0.8295276890625001 0.2664773171875 0.8229710625 0.263199003125 0.800022865625 0.2591011109375 0.78144575625 0.261559846875 0.7672397296875 0.270575209375 0.7584975593750001 0.2771318375 0.74866261875 0.2902450921875 0.7475698484375 0.3008996109375 0.7574047890625 0.3172911796875 0.7617758734375 0.324667384375 0.780352984375 0.339419796875 0.780352984375 0.3451568453125