5 0.1484375 0.8424479171874999 0.142578125 0.85546875 0.1435546875 0.8671875 0.1591796875 0.8776041671874999 0.1708984375 0.8776041671874999 0.1796875 0.8684895828125001 0.1865234375 0.8541666671874999 0.1904296875 0.8567708328125001 0.193359375 0.8502604171874999 0.1787109375 0.8463541671874999 0.1708984375 0.8333333328125001 0.1611328125 0.8333333328125001 0.1484375 0.8424479171874999
4 0.0126953125 0.1666666671875 0.0185546875 0.1744791671875 0.02734375 0.1705729171875 0.0205078125 0.1588541671875 0.0146484375 0.1588541671875 0.0126953125 0.1666666671875
4 0.0205078125 0.22916666718749998 0.02734375 0.22265625 0.029296875 0.21484375 0.0224609375 0.20052083281250002 0.0166015625 0.20052083281250002 0.009765625 0.20963541718749998 0.0107421875 0.21875 0.0166015625 0.22916666718749998 0.0205078125 0.22916666718749998
5 0.9150390625 0.296875 0.91015625 0.3033854171875 0.9111328125 0.3151041671875 0.9248046875 0.3151041671875 0.9296875 0.30859375 0.9228515625 0.2994791671875 0.9150390625 0.296875
4 0.03125 0.24869791718749998 0.029296875 0.23567708281250002 0.0166015625 0.23697916718749998 0.013671875 0.24348958281250002 0.0146484375 0.25 0.0185546875 0.2604166671875 0.0263671875 0.2604166671875 0.03125 0.24869791718749998
4 0.044921875 0.89453125 0.041015625 0.8763020828125001 0.0322265625 0.8723958328125001 0.025390625 0.8815104171874999 0.0224609375 0.8984375 0.0263671875 0.9114583328125001 0.0361328125 0.9114583328125001 0.044921875 0.89453125
4 0.06640625 0.20963541718749998 0.0615234375 0.20052083281250002 0.0498046875 0.1953125 0.044921875 0.20182291718749998 0.0458984375 0.21354166718749998 0.0517578125 0.22135416718749998 0.0615234375 0.22135416718749998 0.06640625 0.20963541718749998
4 0.0576171875 0.5651041671875 0.0615234375 0.5651041671875 0.0703125 0.5559895828125 0.0703125 0.54296875 0.06640625 0.5325520828125 0.0615234375 0.5286458328125 0.0576171875 0.5286458328125 0.052734375 0.53515625 0.0537109375 0.5572916671875 0.0576171875 0.5651041671875
5 0.9130859375 0.2994791671875 0.908203125 0.30859375 0.9091796875 0.3125 0.9248046875 0.3151041671875 0.927734375 0.3059895828125 0.9208984375 0.2994791671875 0.9130859375 0.2994791671875
5 0.330078125 0.7044270828125 0.330078125 0.69921875 0.3115234375 0.7005208328125 0.3046875 0.7122395828125 0.3056640625 0.71875 0.3095703125 0.7213541671875 0.3193359375 0.71875 0.330078125 0.7044270828125
5 0.4560546875 0.4661458328125 0.4599609375 0.46875 0.466796875 0.4544270828125 0.4619140625 0.453125 0.455078125 0.4622395828125 0.4560546875 0.4661458328125
5 0.6640625 0.5455729171875 0.6318359375 0.5442708328125 0.6318359375 0.5572916671875 0.6396484375 0.5677083328125 0.6533203125 0.5677083328125 0.66015625 0.5611979171875 0.6640625 0.5455729171875
2 0.603515625 0.1028645828125 0.60546875 0.08203125 0.5947265625 0.07291666718749999 0.5458984375 0.06770833281250001 0.5166015625 0.08333333281250001 0.5 0.1028645828125 0.494140625 0.1158854171875 0.490234375 0.1341145828125 0.4892578125 0.1614583328125 0.5 0.20182291718749998 0.5146484375 0.21875 0.5517578125 0.23697916718749998 0.5849609375 0.234375 0.59765625 0.21744791718749998 0.599609375 0.20182291718749998 0.572265625 0.18359375 0.56640625 0.16796875 0.56640625 0.1471354171875 0.603515625 0.1028645828125
2 0.5732421875 0.5234375 0.560546875 0.50390625 0.5546875 0.48046875 0.5654296875 0.4583333328125 0.5888671875 0.4375 0.6025390625 0.4348958328125 0.615234375 0.4231770828125 0.611328125 0.4075520828125 0.6064453125 0.4010416671875 0.5927734375 0.4010416671875 0.5751953125 0.3880208328125 0.5400390625 0.3880208328125 0.5205078125 0.3932291671875 0.5087890625 0.4010416671875 0.486328125 0.4309895828125 0.48046875 0.44921875 0.4794921875 0.4817708328125 0.484375 0.5091145828125 0.49609375 0.5325520828125 0.5068359375 0.5442708328125 0.5302734375 0.5598958328125 0.5498046875 0.5677083328125 0.5908203125 0.5651041671875 0.6044921875 0.5520833328125 0.6123046875 0.5520833328125 0.62109375 0.5455729171875 0.5732421875 0.5234375
2 0.5634765625 0.8645833328125001 0.5517578125 0.8619791671874999 0.5439453125 0.8489583328125001 0.5400390625 0.8489583328125001 0.529296875 0.8372395828125001 0.533203125 0.8294270828125001 0.53125 0.7877604171875 0.5419921875 0.7708333328125 0.546875 0.76953125 0.5498046875 0.7526041671875 0.5615234375 0.75 0.5673828125 0.7421875 0.5771484375 0.7473958328125 0.5830078125 0.7395833328125 0.5908203125 0.7395833328125 0.595703125 0.7356770828125 0.595703125 0.72265625 0.5771484375 0.703125 0.5673828125 0.6979166671875 0.5419921875 0.6979166671875 0.5068359375 0.7083333328125 0.4775390625 0.7369791671875 0.47265625 0.74609375 0.466796875 0.7669270828125 0.4619140625 0.8177083328125001 0.46484375 0.8372395828125001 0.4765625 0.8606770828125001 0.4912109375 0.8802083328125001 0.5087890625 0.8958333328125001 0.5400390625 0.9036458328125001 0.5654296875 0.8984375 0.568359375 0.89453125 0.56640625 0.8763020828125001 0.5703125 0.87109375 0.5634765625 0.8645833328125001
2 0.66015625 0.5611979171875 0.6640625 0.5455729171875 0.6337890625 0.5442708328125 0.630859375 0.5481770828125 0.6318359375 0.5546875 0.6357421875 0.5651041671875 0.6513671875 0.5677083328125 0.66015625 0.5611979171875
5 0.208984375 0.8893229171874999 0.208984375 0.8841145828125001 0.1943359375 0.8776041671874999 0.189453125 0.8841145828125001 0.1904296875 0.8958333328125001 0.1943359375 0.8984375 0.2041015625 0.8932291671874999 0.208984375 0.8893229171874999
4 0.0458984375 0.6067708328125 0.0546875 0.5950520828125 0.0546875 0.5872395828125 0.0517578125 0.5833333328125 0.0380859375 0.5859375 0.01953125 0.6080729171875 0.0185546875 0.6171875 0.0224609375 0.6197916671875 0.0458984375 0.6067708328125
4 0.0576171875 0.8880208328125001 0.064453125 0.87890625 0.064453125 0.87109375 0.0595703125 0.8645833328125001 0.0537109375 0.8645833328125001 0.05078125 0.8684895828125001 0.0517578125 0.875 0.0537109375 0.8880208328125001 0.0576171875 0.8880208328125001
4 0.0615234375 0.2526041671875 0.05078125 0.26953125 0.0517578125 0.2734375 0.0576171875 0.2734375 0.072265625 0.25390625 0.072265625 0.24869791718749998 0.0615234375 0.2526041671875
4 0.0224609375 0.2864583328125 0.0283203125 0.2890625 0.03515625 0.27734375 0.0302734375 0.2682291671875 0.0234375 0.2747395828125 0.0224609375 0.2864583328125
4 0.0400390625 0.2526041671875 0.03515625 0.25390625 0.0341796875 0.265625 0.0380859375 0.2682291671875 0.041015625 0.2643229171875 0.04296875 0.2565104171875 0.0400390625 0.2526041671875
4 0.0400390625 0.21875 0.033203125 0.22005208281250002 0.0341796875 0.234375 0.0380859375 0.23697916718749998 0.041015625 0.23307291718749998 0.04296875 0.22265625 0.0400390625 0.21875
4 0.0478515625 0.1822916671875 0.0556640625 0.1822916671875 0.056640625 0.1783854171875 0.0517578125 0.171875 0.0478515625 0.171875 0.0478515625 0.1822916671875
4 0.015625 0.1888020828125 0.015625 0.1783854171875 0.0107421875 0.1744791671875 0.0048828125 0.1770833328125 0.0048828125 0.1901041671875 0.0068359375 0.1953125 0.0107421875 0.1953125 0.015625 0.1888020828125
4 0.0009765625 0.1770833328125 0.0068359375 0.1770833328125 0.01171875 0.1653645828125 0.0029296875 0.15625 0 0.1575520828125 0.0009765625 0.1770833328125
5 0.11328125 0.22786458281250002 0.1025390625 0.22395833281250002 0.1005859375 0.23177083281250002 0.1123046875 0.234375 0.11328125 0.22786458281250002
5 0.1328125 0.24088541718749998 0.1279296875 0.23177083281250002 0.1201171875 0.22916666718749998 0.115234375 0.23046875 0.1162109375 0.23697916718749998 0.1240234375 0.24739583281250002 0.1298828125 0.24739583281250002 0.1328125 0.24088541718749998
5 0.107421875 0.7981770828125 0.1064453125 0.7864583328125 0.0986328125 0.7890625 0.09375 0.7955729171875 0.0927734375 0.8125 0.0986328125 0.8125 0.103515625 0.8059895828125001 0.107421875 0.7981770828125
5 0.12890625 0.80078125 0.1181640625 0.796875 0.1181640625 0.8072916671874999 0.1279296875 0.8098958328125001 0.12890625 0.80078125
5 0.775390625 0.4830729171875 0.7685546875 0.4817708328125 0.7666015625 0.4895833328125 0.7744140625 0.4921875 0.775390625 0.4830729171875
5 0.8408203125 0.3072916671875 0.8447265625 0.3125 0.853515625 0.30078125 0.8486328125 0.2942708328125 0.8408203125 0.2942708328125 0.8408203125 0.3072916671875