5 0.8720703125 0.3307291671875 0.880859375 0.3190104171875 0.8798828125 0.3020833328125 0.8740234375 0.296875 0.8583984375 0.296875 0.849609375 0.3111979171875 0.8515625 0.3268229171875 0.8603515625 0.3333333328125 0.8720703125 0.3307291671875
5 0.9208984375 0.06770833281250001 0.927734375 0.06119791718749999 0.9287109375 0.046875 0.9248046875 0.0390625 0.9111328125 0.0390625 0.904296875 0.05078125 0.904296875 0.05859375 0.9111328125 0.06770833281250001 0.9208984375 0.06770833281250001
5 0.2177734375 0.1953125 0.212890625 0.20182291718749998 0.212890625 0.20703125 0.2177734375 0.21354166718749998 0.2236328125 0.21354166718749998 0.2265625 0.20963541718749998 0.2255859375 0.20052083281250002 0.2177734375 0.1953125
5 0.0478515625 0.2864583328125 0.05078125 0.2825520828125 0.0498046875 0.2734375 0.0380859375 0.2708333328125 0.03515625 0.2799479171875 0.0400390625 0.2864583328125 0.0478515625 0.2864583328125
5 0.9375 0.9361979171874999 0.9404296875 0.9479166671874999 0.9501953125 0.9479166671874999 0.9521484375 0.9427083328125001 0.9462890625 0.9348958328125001 0.9375 0.9361979171874999
5 0.9775390625 0.8541666671874999 0.98046875 0.84765625 0.9794921875 0.8385416671874999 0.9755859375 0.8333333328125001 0.9697265625 0.8333333328125001 0.96484375 0.8372395828125001 0.96484375 0.8450520828125001 0.9677734375 0.8515625 0.9775390625 0.8541666671874999
5 0.9716796875 0.171875 0.96484375 0.1809895828125 0.9609375 0.19140625 0.9638671875 0.203125 0.9716796875 0.203125 0.978515625 0.1940104171875 0.9794921875 0.1744791671875 0.9716796875 0.171875
5 0.080078125 0.7122395828125 0.0810546875 0.7239583328125 0.08984375 0.7200520828125 0.0888671875 0.7109375 0.0830078125 0.7083333328125 0.080078125 0.7122395828125
5 0.9462890625 0.4453125 0.943359375 0.44921875 0.943359375 0.4596354171875 0.9462890625 0.4635416671875 0.9501953125 0.4635416671875 0.955078125 0.45703125 0.9541015625 0.4479166671875 0.9462890625 0.4453125
5 0.1591796875 0.3333333328125 0.162109375 0.3268229171875 0.1611328125 0.3177083328125 0.1591796875 0.3151041671875 0.1513671875 0.3177083328125 0.1484375 0.3294270828125 0.1591796875 0.3333333328125
5 0.3486328125 0.3411458328125 0.3388671875 0.3385416671875 0.33203125 0.3502604171875 0.3369140625 0.3567708328125 0.3466796875 0.3567708328125 0.3515625 0.3502604171875 0.3505859375 0.3463541671875 0.3486328125 0.3411458328125
5 0.486328125 0.36328125 0.4794921875 0.359375 0.47265625 0.3658854171875 0.470703125 0.3763020828125 0.4814453125 0.3828125 0.486328125 0.37890625 0.4873046875 0.3697916671875 0.486328125 0.36328125
5 0.8779296875 0.1848958328125 0.8828125 0.1809895828125 0.8818359375 0.1692708328125 0.8798828125 0.1666666671875 0.87109375 0.1731770828125 0.8740234375 0.1822916671875 0.8779296875 0.1848958328125
5 0.9306640625 0.09895833281250001 0.935546875 0.09244791718749999 0.9345703125 0.08333333281250001 0.9248046875 0.08072916718749999 0.91796875 0.08984375 0.919921875 0.09765625 0.9306640625 0.09895833281250001
5 0.2255859375 0.7083333328125 0.228515625 0.7044270828125 0.2275390625 0.6901041671875 0.2138671875 0.6901041671875 0.208984375 0.7044270828125 0.2177734375 0.7109375 0.2255859375 0.7083333328125
5 0.1689453125 0.5260416671875 0.1630859375 0.5286458328125 0.158203125 0.53515625 0.158203125 0.5455729171875 0.1689453125 0.5520833328125 0.17578125 0.54296875 0.1748046875 0.5286458328125 0.1689453125 0.5260416671875
5 0.1630859375 0.484375 0.1572265625 0.4869791671875 0.15625 0.4934895828125 0.1591796875 0.4973958328125 0.1669921875 0.4973958328125 0.171875 0.4908854171875 0.1708984375 0.4869791671875 0.1630859375 0.484375
5 0.265625 0.9466145828125001 0.2744140625 0.9479166671874999 0.2744140625 0.9375 0.2666015625 0.9348958328125001 0.265625 0.9466145828125001