5 0.2903645828125 0.55859375 0.3059895828125 0.560546875 0.31640625 0.55859375 0.3229166671875 0.5537109375 0.328125 0.5380859375 0.3190104171875 0.53125 0.3098958328125 0.5302734375 0.2903645828125 0.533203125 0.28125 0.5400390625 0.2838541671875 0.5517578125 0.2903645828125 0.55859375
5 0.8736979171874999 0.74609375 0.875 0.7392578125 0.8671875 0.7392578125 0.8671875 0.7451171875 0.8736979171874999 0.74609375
5 0.4322916671875 0.4912109375 0.4244791671875 0.4951171875 0.4244791671875 0.5029296875 0.4388020828125 0.5078125 0.4505208328125 0.5009765625 0.4505208328125 0.4931640625 0.4466145828125 0.490234375 0.4322916671875 0.4912109375
5 0.0169270828125 0.1640625 0.0286458328125 0.1611328125 0.0286458328125 0.1572265625 0.01953125 0.150390625 0 0.1513671875 0.0013020828125 0.162109375 0.0169270828125 0.1640625
5 0.4088541671875 0.0009765625 0.4036458328125 0.0126953125 0.41015625 0.01953125 0.4231770828125 0.021484375 0.4453125 0.0166015625 0.4479166671875 0.0048828125 0.4440104171875 0 0.4088541671875 0.0009765625
5 0.734375 0.7783203125 0.7317708328125 0.7802734375 0.734375 0.7880859375 0.7408854171875 0.79296875 0.7486979171875 0.79296875 0.75 0.7802734375 0.7434895828125 0.77734375 0.734375 0.7783203125
5 0.009114582812499999 0.9296875 0.0182291671875 0.9248046875 0.0182291671875 0.9169921875 0.009114582812499999 0.912109375 0.0026041671875 0.9130859375 0 0.9267578125 0.009114582812499999 0.9296875
5 0.89453125 0.34765625 0.91015625 0.34765625 0.9296875 0.3349609375 0.9322916671874999 0.3271484375 0.92578125 0.3203125 0.9153645828125001 0.31640625 0.9036458328125001 0.3173828125 0.89453125 0.3203125 0.8802083328125001 0.3310546875 0.8828125 0.3408203125 0.89453125 0.34765625
5 0.3619791671875 0.3369140625 0.3502604171875 0.326171875 0.3255208328125 0.3271484375 0.3151041671875 0.3349609375 0.3151041671875 0.3486328125 0.3294270828125 0.357421875 0.33984375 0.357421875 0.359375 0.3447265625 0.3619791671875 0.3369140625
5 0.23958333281250002 0.3056640625 0.23307291718749998 0.30078125 0.22395833281250002 0.3017578125 0.20833333281250002 0.3056640625 0.20572916718749998 0.3134765625 0.20963541718749998 0.31640625 0.22786458281250002 0.318359375 0.23697916718749998 0.3115234375 0.23958333281250002 0.3056640625
5 0.2903645828125 0.294921875 0.2708333328125 0.2958984375 0.26953125 0.3046875 0.28515625 0.306640625 0.2942708328125 0.3017578125 0.2903645828125 0.294921875
5 0.09375 0.5048828125 0.0859375 0.5087890625 0.0859375 0.5126953125 0.09505208281250001 0.517578125 0.1028645828125 0.517578125 0.1145833328125 0.5107421875 0.10546875 0.50390625 0.09375 0.5048828125
5 0.6888020828125 0.4921875 0.69921875 0.4921875 0.7057291671875 0.4873046875 0.7018229171875 0.48046875 0.6875 0.4814453125 0.6848958328125 0.4892578125 0.6888020828125 0.4921875
5 0.6640625 0.4638671875 0.6510416671875 0.4677734375 0.6510416671875 0.4755859375 0.6575520828125 0.48046875 0.66796875 0.48046875 0.6822916671875 0.4736328125 0.6809895828125 0.46484375 0.6640625 0.4638671875
5 0.5716145828125 0.4296875 0.5872395828125 0.4296875 0.6067708328125 0.4169921875 0.6028645828125 0.408203125 0.5859375 0.4091796875 0.5677083328125 0.4208984375 0.5716145828125 0.4296875
5 0.7122395828125 0.556640625 0.7161458328125 0.5537109375 0.7135416671875 0.5400390625 0.70703125 0.53515625 0.6979166671875 0.5361328125 0.6822916671875 0.5419921875 0.6848958328125 0.5556640625 0.69140625 0.55859375 0.7044270828125 0.5546875 0.7122395828125 0.556640625
5 0.453125 0.1201171875 0.4466145828125 0.115234375 0.4270833328125 0.1162109375 0.41796875 0.1171875 0.4114583328125 0.1240234375 0.42578125 0.138671875 0.4388020828125 0.138671875 0.4479166671875 0.1337890625 0.453125 0.1201171875
5 0.765625 0.1201171875 0.75390625 0.12109375 0.75 0.1318359375 0.76171875 0.13671875 0.7799479171875 0.134765625 0.7838541671875 0.1318359375 0.78125 0.1240234375 0.765625 0.1201171875
5 0.75390625 0.796875 0.7578125 0.7939453125 0.7578125 0.7724609375 0.7486979171875 0.765625 0.7317708328125 0.7666015625 0.7200520828125 0.76953125 0.7083333328125 0.7783203125 0.7135416671875 0.7919921875 0.7252604171875 0.798828125 0.75390625 0.796875
5 0.6458333328125 0.8037109375 0.63671875 0.796875 0.6223958328125 0.7978515625 0.609375 0.8056640625 0.609375 0.8095703125 0.6158854171875 0.818359375 0.6315104171875 0.8203125 0.6458333328125 0.8115234375 0.6458333328125 0.8037109375
5 0.6197916671875 0.7275390625 0.609375 0.7392578125 0.6158854171875 0.74609375 0.62890625 0.744140625 0.6354166671875 0.7353515625 0.6354166671875 0.7314453125 0.62890625 0.7265625 0.6197916671875 0.7275390625
5 0.7278645828125 0.73046875 0.7395833328125 0.7216796875 0.7356770828125 0.716796875 0.7278645828125 0.71484375 0.7135416671875 0.7158203125 0.7122395828125 0.728515625 0.7278645828125 0.73046875