5 0.671875 0.4619140625 0.6809895828125 0.46875 0.6901041671875 0.4697265625 0.7096354171875 0.466796875 0.71875 0.4599609375 0.7161458328125 0.4482421875 0.7096354171875 0.44140625 0.6940104171875 0.439453125 0.68359375 0.44140625 0.6770833328125 0.4462890625 0.671875 0.4619140625
5 0.1328125 0.2607421875 0.1328125 0.2548828125 0.1263020828125 0.25390625 0.125 0.2607421875 0.1328125 0.2607421875
5 0.5755208328125 0.5048828125 0.5755208328125 0.4970703125 0.5611979171875 0.4921875 0.5494791671875 0.4990234375 0.5494791671875 0.5068359375 0.5533854171875 0.509765625 0.5677083328125 0.5087890625 0.5755208328125 0.5048828125
5 0.9830729171874999 0.8359375 0.9713541671874999 0.8388671875 0.9713541671874999 0.8427734375 0.98046875 0.849609375 1 0.8486328125 0.9986979171874999 0.837890625 0.9830729171874999 0.8359375
5 0.5963541671875 0.9873046875 0.58984375 0.98046875 0.5768229171875 0.978515625 0.5546875 0.9833984375 0.5520833328125 0.9951171875 0.5559895828125 1 0.5911458328125 0.9990234375 0.5963541671875 0.9873046875
5 0.2682291671875 0.2197265625 0.265625 0.2119140625 0.2591145828125 0.20703125 0.2513020828125 0.20703125 0.25 0.2197265625 0.2565104171875 0.22265625 0.265625 0.2216796875 0.2682291671875 0.2197265625
5 0.9908854171874999 0.0703125 0.9817708328125001 0.0751953125 0.9817708328125001 0.0830078125 0.9908854171874999 0.087890625 0.9973958328125001 0.0869140625 1 0.0732421875 0.9908854171874999 0.0703125
5 0.07421875 0.6796875 0.08463541718749999 0.68359375 0.09635416718749999 0.6826171875 0.10546875 0.6796875 0.1197916671875 0.6689453125 0.1171875 0.6591796875 0.10546875 0.65234375 0.08984375 0.65234375 0.0703125 0.6650390625 0.06770833281250001 0.6728515625 0.07421875 0.6796875
5 0.6744791671875 0.6728515625 0.6848958328125 0.6650390625 0.6848958328125 0.6513671875 0.6705729171875 0.642578125 0.66015625 0.642578125 0.640625 0.6552734375 0.6380208328125 0.6630859375 0.6497395828125 0.673828125 0.6744791671875 0.6728515625
5 0.7760416671875 0.6982421875 0.7916666671875 0.6943359375 0.7942708328125 0.6865234375 0.7903645828125 0.68359375 0.7721354171875 0.681640625 0.7630208328125 0.6884765625 0.7604166671875 0.6943359375 0.7669270828125 0.69921875 0.7760416671875 0.6982421875
5 0.7057291671875 0.6982421875 0.7096354171875 0.705078125 0.7291666671875 0.7041015625 0.73046875 0.6953125 0.71484375 0.693359375 0.7057291671875 0.6982421875
5 0.9140625 0.4912109375 0.9140625 0.4873046875 0.9049479171874999 0.482421875 0.8971354171874999 0.482421875 0.8854166671874999 0.4892578125 0.89453125 0.49609375 0.90625 0.4951171875 0.9140625 0.4912109375
5 0.3111979171875 0.5078125 0.30078125 0.5078125 0.2942708328125 0.5126953125 0.2981770828125 0.51953125 0.3125 0.5185546875 0.3151041671875 0.5107421875 0.3111979171875 0.5078125
5 0.3489583328125 0.5322265625 0.3489583328125 0.5244140625 0.3424479171875 0.51953125 0.33203125 0.51953125 0.3177083328125 0.5263671875 0.3190104171875 0.53515625 0.3359375 0.5361328125 0.3489583328125 0.5322265625
5 0.4283854171875 0.5703125 0.4127604171875 0.5703125 0.3932291671875 0.5830078125 0.3971354171875 0.591796875 0.4140625 0.5908203125 0.4322916671875 0.5791015625 0.4283854171875 0.5703125
5 0.29296875 0.46484375 0.3020833328125 0.4638671875 0.3177083328125 0.4580078125 0.3151041671875 0.4443359375 0.30859375 0.44140625 0.2955729171875 0.4453125 0.2877604171875 0.443359375 0.2838541671875 0.4462890625 0.2864583328125 0.4599609375 0.29296875 0.46484375
5 0.5729166671875 0.8837890625 0.58203125 0.8828125 0.5885416671875 0.8759765625 0.57421875 0.861328125 0.5611979171875 0.861328125 0.5520833328125 0.8662109375 0.546875 0.8798828125 0.5533854171875 0.884765625 0.5729166671875 0.8837890625
5 0.24609375 0.87890625 0.25 0.8681640625 0.23828125 0.86328125 0.22005208281250002 0.865234375 0.21614583281250002 0.8681640625 0.21875 0.8759765625 0.234375 0.8798828125 0.24609375 0.87890625
5 0.2513020828125 0.234375 0.2682291671875 0.2333984375 0.2799479171875 0.23046875 0.2916666671875 0.2216796875 0.2864583328125 0.2080078125 0.2747395828125 0.201171875 0.24609375 0.203125 0.2421875 0.2060546875 0.2421875 0.2275390625 0.2513020828125 0.234375
5 0.3776041671875 0.2021484375 0.390625 0.1943359375 0.390625 0.1904296875 0.3841145828125 0.181640625 0.3684895828125 0.1796875 0.3541666671875 0.1884765625 0.3541666671875 0.1962890625 0.36328125 0.203125 0.3776041671875 0.2021484375
5 0.390625 0.2607421875 0.3841145828125 0.25390625 0.37109375 0.255859375 0.3645833328125 0.2646484375 0.3645833328125 0.2685546875 0.37109375 0.2734375 0.3802083328125 0.2724609375 0.390625 0.2607421875
5 0.2721354171875 0.26953125 0.2604166671875 0.2783203125 0.2643229171875 0.283203125 0.2721354171875 0.28515625 0.2864583328125 0.2841796875 0.2877604171875 0.271484375 0.2721354171875 0.26953125