4 0.3015625 0.01171875 0.0265625 0.021875
4 0.1611328125 0.3489583328125 0.1494140625 0.34375 0.1396484375 0.3489583328125 0.13671875 0.3580729171875 0.1435546875 0.3645833328125 0.1572265625 0.3671875 0.162109375 0.3606770828125 0.1611328125 0.3489583328125
4 0.2138671875 0.3723958328125 0.21875 0.36328125 0.2177734375 0.3411458328125 0.2119140625 0.3333333328125 0.2001953125 0.3359375 0.189453125 0.3502604171875 0.19140625 0.36328125 0.2021484375 0.375 0.2138671875 0.3723958328125
4 0.40234375 0.4049479171875 0.396484375 0.4127604171875 0.396484375 0.43359375 0.404296875 0.44921875 0.404296875 0.45703125 0.3994140625 0.4583333328125 0.396484375 0.4674479171875 0.4033203125 0.4713541671875 0.4072265625 0.4661458328125 0.4150390625 0.4661458328125 0.4287109375 0.4583333328125 0.4296875 0.4544270828125 0.423828125 0.44140625 0.4306640625 0.4348958328125 0.4384765625 0.4427083328125 0.4443359375 0.4401041671875 0.4638671875 0.4088541671875 0.4814453125 0.3958333328125 0.484375 0.3919270828125 0.4853515625 0.3671875 0.482421875 0.3580729171875 0.484375 0.3294270828125 0.4765625 0.3059895828125 0.4619140625 0.2890625 0.4521484375 0.2942708328125 0.4453125 0.2799479171875 0.4365234375 0.2708333328125 0.4228515625 0.2630208328125 0.4169921875 0.265625 0.40625 0.2825520828125 0.416015625 0.35546875 0.3984375 0.3763020828125 0.3984375 0.3971354171875 0.40234375 0.4049479171875
4 0.361328125 0.7096354171875 0.369140625 0.7278645828125 0.36328125 0.7434895828125 0.36328125 0.7591145828125 0.37109375 0.7721354171875 0.375 0.7903645828125 0.3837890625 0.8020833328125001 0.3955078125 0.8020833328125001 0.4072265625 0.796875 0.4248046875 0.8098958328125001 0.4423828125 0.7994791671875 0.455078125 0.78515625 0.455078125 0.77734375 0.4609375 0.76953125 0.462890625 0.7200520828125 0.470703125 0.7018229171875 0.4697265625 0.6979166671875 0.4609375 0.67578125 0.45703125 0.6549479171875 0.4423828125 0.6302083328125 0.4052734375 0.6067708328125 0.3974609375 0.6197916671875 0.3935546875 0.6171875 0.3857421875 0.6197916671875 0.380859375 0.6315104171875 0.384765625 0.6497395828125 0.375 0.6627604171875 0.375 0.66796875 0.365234375 0.6783854171875 0.361328125 0.69140625 0.361328125 0.7096354171875
4 0.19921875 0.69921875 0.203125 0.71484375 0.2119140625 0.7239583328125 0.220703125 0.7200520828125 0.2197265625 0.7057291671875 0.2080078125 0.6901041671875 0.19921875 0.69921875
4 0.189453125 0.71484375 0.1904296875 0.703125 0.1865234375 0.6979166671875 0.1796875 0.7044270828125 0.1845703125 0.71875 0.189453125 0.71484375
5 0.2353515625 0.6666666671875 0.2421875 0.66015625 0.2412109375 0.6458333328125 0.2353515625 0.6380208328125 0.2236328125 0.6328125 0.216796875 0.6393229171875 0.220703125 0.6575520828125 0.2275390625 0.6666666671875 0.2353515625 0.6666666671875
5 0.5 0.2877604171875 0.5126953125 0.3072916671875 0.5263671875 0.3098958328125 0.53125 0.30078125 0.5302734375 0.2838541671875 0.5244140625 0.2734375 0.5166015625 0.2708333328125 0.5048828125 0.2760416671875 0.5 0.2825520828125 0.5 0.2877604171875
4 0.072265625 0.36328125 0.0751953125 0.3671875 0.08592068124999999 0.3733580890625 0.088737753125 0.371480040625 0.089207265625 0.352073546875 0.0751953125 0.3541666671875 0.072265625 0.36328125
4 0.0936592609375 0.35881284999999996 0.09221166875 0.364989246875 0.0932249828125 0.36962154375 0.09858107656250001 0.36962154375 0.099883909375 0.36479623437500003 0.09727824375 0.3607429734375 0.0977125203125 0.34665306875 0.0936592609375 0.342792821875 0.08946124062500001 0.342792821875 0.0893164828125 0.3497412671875 0.0936592609375 0.35881284999999996
5 0.1064453125 0.953125 0.11328125 0.9440104171874999 0.1123046875 0.9375 0.0986328125 0.921875 0.0908203125 0.921875 0.0859375 0.9283854171874999 0.0859375 0.9440104171874999 0.0966796875 0.9557291671874999 0.1064453125 0.953125
5 0.1640625 0.96484375 0.166015625 0.9622395828125001 0.166015625 0.95703125 0.1650390625 0.9557291671874999 0.1630859375 0.953125 0.1611328125 0.953125 0.1591796875 0.9505208328125001 0.1572265625 0.9505208328125001 0.1552734375 0.953125 0.1533203125 0.953125 0.150390625 0.95703125 0.150390625 0.9622395828125001 0.15234375 0.96484375 0.15234375 0.9674479171874999 0.1552734375 0.9713541671874999 0.1611328125 0.9713541671874999 0.1640625 0.9674479171874999 0.1640625 0.96484375
5 0.3583984375 0.8567708328125001 0.3466796875 0.8567708328125001 0.341796875 0.86328125 0.341796875 0.8763020828125001 0.3447265625 0.8802083328125001 0.3544921875 0.8802083328125001 0.361328125 0.87109375 0.361328125 0.86328125 0.3603515625 0.8619791671874999 0.359375 0.8606770828125001 0.359375 0.8580729171874999 0.3583984375 0.8567708328125001
5 0.3984375 0.8684895828125001 0.400390625 0.87109375 0.400390625 0.8736979171874999 0.40234375 0.8763020828125001 0.40234375 0.87890625 0.4052734375 0.8828125 0.4072265625 0.8828125 0.4091796875 0.8854166671874999 0.4130859375 0.8854166671874999 0.4150390625 0.8828125 0.4189453125 0.8828125 0.4208984375 0.8802083328125001 0.4228515625 0.8802083328125001 0.423828125 0.87890625 0.423828125 0.8763020828125001 0.4228515625 0.875 0.421875 0.8736979171874999 0.421875 0.87109375 0.419921875 0.8684895828125001 0.419921875 0.8658854171874999 0.4189453125 0.8645833328125001 0.4169921875 0.8645833328125001 0.4111328125 0.8567708328125001 0.4072265625 0.8567708328125001 0.4052734375 0.859375 0.4013671875 0.859375 0.400390625 0.8606770828125001 0.400390625 0.86328125 0.3984375 0.8658854171874999 0.3984375 0.8684895828125001
5 0.52734375 0.8971354171874999 0.52734375 0.9049479171874999 0.5322265625 0.9114583328125001 0.5380859375 0.9114583328125001 0.5400390625 0.9036458328125001 0.5302734375 0.8932291671874999 0.52734375 0.8971354171874999
5 0.5771484375 0.8489583328125001 0.5693359375 0.8385416671874999 0.5595703125 0.8385416671874999 0.5546875 0.8450520828125001 0.5595703125 0.8541666671874999 0.5712890625 0.859375 0.578125 0.8528645828125001 0.5771484375 0.8489583328125001
5 0.5869140625 0.9453125 0.591796875 0.9440104171874999 0.5908203125 0.9375 0.58203125 0.9361979171874999 0.5869140625 0.9453125
5 0.615234375 0.7799479171875 0.615234375 0.78515625 0.6201171875 0.7916666671875 0.6298828125 0.7916666671875 0.6298828125 0.7838541671875 0.6259765625 0.7786458328125 0.615234375 0.7799479171875
5 0.6474609375 0.734375 0.64453125 0.7434895828125 0.6474609375 0.7473958328125 0.6572265625 0.7473958328125 0.6572265625 0.734375 0.6513671875 0.7317708328125 0.6474609375 0.734375
5 0.765625 0.8997395828125001 0.765625 0.9075520828125001 0.7724609375 0.9192708328125001 0.7841796875 0.9192708328125001 0.7861328125 0.9036458328125001 0.7783203125 0.8932291671874999 0.765625 0.8997395828125001
5 0.7998046875 0.3020833328125 0.7958984375 0.2942708328125 0.7861328125 0.2942708328125 0.783203125 0.30078125 0.787109375 0.3111979171875 0.7919921875 0.3151041671875 0.798828125 0.3111979171875 0.7998046875 0.3020833328125
5 0.8427734375 0.2552083328125 0.8388671875 0.24739583281250002 0.8291015625 0.24739583281250002 0.826171875 0.26171875 0.8291015625 0.265625 0.8388671875 0.265625 0.84375 0.2591145828125 0.8427734375 0.2552083328125
5 0.7197265625 0.28125 0.7197265625 0.2708333328125 0.7099609375 0.2682291671875 0.70703125 0.2799479171875 0.7119140625 0.2838541671875 0.7197265625 0.28125
5 0.736328125 0.1575520828125 0.736328125 0.1627604171875 0.7392578125 0.1666666671875 0.7470703125 0.1666666671875 0.7490234375 0.1588541671875 0.7412109375 0.1536458328125 0.736328125 0.1575520828125
5 0.603515625 0.1783854171875 0.6025390625 0.171875 0.5947265625 0.1692708328125 0.591796875 0.1809895828125 0.5986328125 0.1848958328125 0.603515625 0.1783854171875
5 0.5576171875 0.21614583281250002 0.5615234375 0.20833333281250002 0.5517578125 0.203125 0.544921875 0.20963541718749998 0.5498046875 0.21614583281250002 0.5576171875 0.21614583281250002
5 0.5263671875 0.1536458328125 0.5302734375 0.1458333328125 0.5283203125 0.140625 0.5205078125 0.140625 0.517578125 0.1497395828125 0.5263671875 0.1536458328125
5 0.55859375 0.0403645828125 0.5576171875 0.0286458328125 0.5517578125 0.0260416671875 0.548828125 0.0299479171875 0.5517578125 0.0416666671875 0.55859375 0.0403645828125
5 0.373046875 0.19140625 0.3798828125 0.1953125 0.3798828125 0.1875 0.3759765625 0.1848958328125 0.373046875 0.19140625
5 0.41796875 0.1653645828125 0.4228515625 0.1692708328125 0.4248046875 0.1614583328125 0.4208984375 0.1588541671875 0.41796875 0.1653645828125
5 0.43359375 0.1861979171875 0.435546875 0.1940104171875 0.4423828125 0.1953125 0.4453125 0.19140625 0.4443359375 0.1848958328125 0.4365234375 0.1822916671875 0.43359375 0.1861979171875
5 0.5732421875 0.6145833328125 0.5595703125 0.5963541671875 0.5537109375 0.59375 0.55078125 0.59765625 0.55078125 0.60546875 0.5576171875 0.6197916671875 0.5712890625 0.6223958328125 0.5732421875 0.6145833328125
5 0.2470703125 0.890625 0.25390625 0.8893229171874999 0.2529296875 0.8776041671874999 0.2421875 0.8763020828125001 0.2470703125 0.890625
4 0.4052734375 0 0.4033203125 0.0026041671875 0.3857421875 0 0.375 0.00390625 0.380859375 0.0403645828125 0.3916015625 0.0546875 0.3984375 0.05598958281250001 0.400390625 0.06119791718749999 0.3984375 0.06640625 0.4013671875 0.0703125 0.4130859375 0.07291666718749999 0.4306640625 0.09635416718749999 0.4345703125 0.09635416718749999 0.453125 0.08203125 0.453125 0.07421875 0.4443359375 0.0703125 0.443359375 0.06640625 0.47265625 0.0299479171875 0.4736328125 0.0026041671875 0.4716796875 0 0.4052734375 0