5 0.3541666671875 0.6298828125 0.3541666671875 0.6455078125 0.359375 0.6455078125 0.3697916671875 0.6357421875 0.36328125 0.626953125 0.3541666671875 0.6298828125
5 0.1223958328125 0.0361328125 0.1158854171875 0.029296875 0.1106770828125 0.029296875 0.1067708328125 0.0322265625 0.1067708328125 0.0400390625 0.11328125 0.044921875 0.1197916671875 0.0439453125 0.1223958328125 0.0361328125
5 0.20833333281250002 0.1806640625 0.20833333281250002 0.1728515625 0.20442708281250002 0.169921875 0.19140625 0.169921875 0.1875 0.1787109375 0.1966145828125 0.185546875 0.203125 0.1845703125 0.20833333281250002 0.1806640625
5 0.6302083328125 0.1376953125 0.6354166671875 0.1337890625 0.6354166671875 0.1240234375 0.6263020828125 0.119140625 0.6184895828125 0.119140625 0.6119791671875 0.1240234375 0.6119791671875 0.1318359375 0.6184895828125 0.138671875 0.6302083328125 0.1376953125
2 0.4270833328125 0.3740234375 0.4270833328125 0.2978515625 0.4192708328125 0.2705078125 0.42107558125000005 0.34856894375 0.42107558125000005 0.3936841859375 0.41606277656249996 0.4361139953125 0.40818551249999996 0.4473928046875 0.3938632140625 0.450615321875 0.3795409140625 0.4473928046875 0.3587735828125 0.4425590296875 0.3423029390625 0.42752061562500004 0.327980640625 0.409259684375 0.31437445625 0.2808960828125 0.3115099953125 0.2841186 0.3093616515625 0.3039907890625 0.3072916671875 0.3134765625 0.3020833328125 0.3486328125 0.3046875 0.4189453125 0.2916666671875 0.4501953125 0.2890625 0.5009765625 0.3020833328125 0.5224609375 0.3138020828125 0.533203125 0.3606770828125 0.541015625 0.3932291671875 0.5400390625 0.4049479171875 0.5390625 0.4296875 0.5263671875 0.4505208328125 0.5048828125 0.4635416671875 0.4755859375 0.4609375 0.4443359375 0.4505208328125 0.4326171875 0.4401041671875 0.3896484375 0.4270833328125 0.3740234375
2 0.8854166671874999 0.4150390625 0.890625 0.4072265625 0.8880208328125001 0.3798828125 0.8854166671874999 0.3740234375 0.8671875 0.3583984375 0.8671875 0.3154296875 0.85546875 0.296875 0.8541650015625001 0.316870403125 0.8606230734375 0.32375334843750003 0.8562043921875 0.3260476625 0.857903884375 0.32655751093749996 0.856544290625 0.32655751093749996 0.8555245953125 0.328341978125 0.8589235796875 0.3288518265625 0.8568841890625001 0.329871521875 0.858243784375 0.33344045625 0.8551846968750001 0.3359896953125 0.8572240890625 0.33802908593750003 0.856544290625 0.34083325000000003 0.8592634796875 0.344147259375 0.858243784375 0.34797111875 0.8592634796875 0.35077528125 0.8619826671874999 0.3553639109375 0.8630023625 0.3604623890625 0.8630023625 0.3668354859375 0.8633422625 0.3711691921875 0.8633422625 0.3747381265625 0.8650417546875 0.377542290625 0.8650417546875 0.3821309203125 0.8660614499999999 0.384680159375 0.8660614499999999 0.3885040171875 0.8653816531249999 0.3994657453125 0.8599432765625 0.40838808125000003 0.8664013484374999 0.413741484375 0.8599432765625 0.4168005703125 0.8541650015625001 0.421644125 0.8555245953125 0.43107630781250006 0.8457317375000001 0.43503982187499995 0.8442995062499999 0.43987359843749996 0.8357061281249999 0.437725253125 0.8321255531249999 0.440410684375 0.806345415625 0.43020604687499997 0.80078125 0.419921875 0.796875 0.4189453125 0.7916666671875 0.4130859375 0.7916666671875 0.4052734375 0.7838541671875 0.3994140625 0.7786458328125 0.3876953125 0.7838541671875 0.3623046875 0.7916666671875 0.3525390625 0.7916666671875 0.3095703125 0.7890625 0.3076171875 0.7916666671875 0.2998046875 0.7838541671875 0.2880859375 0.77734375 0.28515625 0.765625 0.3017578125 0.7552083328125 0.3251953125 0.7552083328125 0.3330078125 0.7473958328125 0.3427734375 0.7473958328125 0.3583984375 0.7395833328125 0.3720703125 0.7369791671875 0.3896484375 0.7395833328125 0.3916015625 0.7317708328125 0.4013671875 0.7239583328125 0.4345703125 0.7265625 0.4384765625 0.71875 0.4482421875 0.7161458328125 0.4638671875 0.7213541671875 0.4697265625 0.7213541671875 0.4775390625 0.734375 0.4873046875 0.7486979171875 0.505859375 0.77734375 0.515625 0.8033854171874999 0.513671875 0.83203125 0.51953125 0.8489583328125001 0.5185546875 0.8645833328125001 0.5107421875 0.8828125 0.4814453125 0.8802083328125001 0.4658203125 0.8880208328125001 0.4599609375 0.8880208328125001 0.4462890625 0.8932291671874999 0.4404296875 0.8854166671874999 0.4228515625 0.8854166671874999 0.4150390625
5 0.5690104171875 0.75 0.5638020828125 0.75 0.5572916671875 0.7548828125 0.5572916671875 0.7607421875 0.5625 0.7607421875 0.5703125 0.7568359375 0.5690104171875 0.75
5 0.57421875 0.806640625 0.5651041671875 0.8115234375 0.5651041671875 0.8193359375 0.5690104171875 0.82421875 0.578125 0.8232421875 0.5807291671875 0.8115234375 0.57421875 0.806640625
4 0.9348958328125001 0.9794921875 0.93359375 0.97265625 0.9153645828125001 0.96484375 0.9010416671874999 0.9658203125 0.9010416671874999 0.9697265625 0.91015625 0.9765625 0.9270833328125001 0.9833984375 0.9348958328125001 0.9794921875
4 0.9361979171874999 0.9765625 0.9296875 0.9853515625 0.9322916671874999 0.9912109375 0.9440104171874999 1 0.9583333328125001 0.9990234375 0.9505208328125001 0.9853515625 0.9361979171874999 0.9765625
4 0.9713541671874999 0.9794921875 0.9622395828125001 0.97265625 0.95703125 0.97265625 0.953125 0.9814453125 0.9583333328125001 0.9912109375 0.9622395828125001 0.994140625 0.9739583328125001 0.9931640625 0.9713541671874999 0.9794921875
4 0.8958333328125001 0.9990234375 0.8893229171874999 0.98828125 0.8658854171874999 0.990234375 0.8619791671874999 0.9990234375 0.8958333328125001 0.9990234375
4 0.8776041671874999 0.9990234375 0.87109375 0.990234375 0.8541666671874999 0.9970703125 0.85546875 1 0.8776041671874999 0.9990234375
4 0.9322916671874999 0.9990234375 0.92578125 0.9921875 0.9127604171874999 0.9921875 0.9010416671874999 0.9990234375 0.9322916671874999 0.9990234375
4 0.8435767265624999 0.9556187671874999 0.8357642265624999 0.9556187671874999 0.829253809375 0.9605015796874999 0.833160059375 0.9673375171874999 0.8396704765624999 0.9663609546874999 0.844878809375 0.9624547046874999 0.8435767265624999 0.9556187671874999
4 0.8463541671874999 0.9501953125 0.8489583328125001 0.9443359375 0.8424479171874999 0.943359375 0.8411458328125001 0.9501953125 0.8463541671874999 0.9501953125
4 0.8411458328125001 0.9990234375 0.83984375 0.994140625 0.8307291671874999 0.9970703125 0.83203125 1 0.8411458328125001 0.9990234375