2 0.53515625 0.1549479171875 0.525390625 0.1158854171875 0.5185546875 0.109375 0.5087890625 0.1067708328125 0.50390625 0.1158854171875 0.5048828125 0.1354166671875 0.509765625 0.1419270828125 0.509765625 0.1627604171875 0.505859375 0.16796875 0.505859375 0.17578125 0.515625 0.19140625 0.517578125 0.20182291718749998 0.513671875 0.21223958281250002 0.5380859375 0.2421875 0.533203125 0.22265625 0.53515625 0.21744791718749998 0.533203125 0.20442708281250002 0.537109375 0.1966145828125 0.533203125 0.1705729171875 0.53515625 0.1549479171875
2 0.794921875 0.06901041718749999 0.796875 0.09244791718749999 0.794921875 0.11328125 0.78515625 0.1184895828125 0.787109375 0.1315104171875 0.796875 0.1549479171875 0.7919921875 0.1640625 0.78515625 0.16796875 0.7841796875 0.1979166671875 0.7900390625 0.20833333281250002 0.8017578125 0.20833333281250002 0.806640625 0.19921875 0.806640625 0.1783854171875 0.798828125 0.16796875 0.798828125 0.1627604171875 0.802734375 0.1575520828125 0.802734375 0.1393229171875 0.806640625 0.12890625 0.8046875 0.08984375 0.80859375 0.06640625 0.8076171875 0.0546875 0.7998046875 0.05989583281250001 0.794921875 0.06901041718749999
2 0.5810546875 0.2552083328125 0.5654296875 0.2526041671875 0.5654296875 0.2708333328125 0.5791015625 0.2760416671875 0.5908203125 0.2734375 0.6005859375 0.2708333328125 0.603515625 0.26171875 0.5966796875 0.2526041671875 0.5810546875 0.2552083328125
2 0.318359375 0.24609375 0.3203125 0.25390625 0.3173828125 0.2604166671875 0.2861328125 0.2552083328125 0.2861328125 0.25 0.3017578125 0.25 0.3046875 0.24609375 0.2783203125 0.23958333281250002 0.2724609375 0.22916666718749998 0.26953125 0.23046875 0.2705078125 0.23697916718749998 0.28125 0.2669270828125 0.3017578125 0.2838541671875 0.3037109375 0.2890625 0.3212890625 0.2916666671875 0.3291015625 0.3020833328125 0.3388671875 0.3020833328125 0.3515625 0.2877604171875 0.34765625 0.27734375 0.337890625 0.2669270828125 0.33984375 0.23567708281250002 0.3369140625 0.23177083281250002 0.3330078125 0.23177083281250002 0.3271484375 0.24479166718749998 0.318359375 0.24609375
2 0.263671875 0.8971354171874999 0.26953125 0.87109375 0.267578125 0.8580729171874999 0.2578125 0.8346354171874999 0.2333984375 0.8046875 0.2041015625 0.7942708328125 0.1806640625 0.796875 0.1611328125 0.8098958328125001 0.142578125 0.8346354171874999 0.138671875 0.8502604171874999 0.12890625 0.8658854171874999 0.1279296875 0.9114583328125001 0.12890625 0.9205729171874999 0.140625 0.9466145828125001 0.1494140625 0.9453125 0.1572265625 0.9557291671874999 0.1640625 0.9440104171874999 0.169921875 0.9205729171874999 0.1826171875 0.9088541671874999 0.2041015625 0.9192708328125001 0.2294921875 0.9453125 0.2373046875 0.9479166671874999 0.2548828125 0.9453125 0.26171875 0.9388020828125001 0.263671875 0.9309895828125001 0.263671875 0.8971354171874999
5 0.8740234375 0.8541666671874999 0.8623046875 0.84375 0.8505859375 0.8385416671874999 0.845703125 0.8424479171874999 0.8466796875 0.8489583328125001 0.8701171875 0.875 0.8779296875 0.875 0.8896484375 0.8854166671874999 0.89453125 0.8841145828125001 0.8740234375 0.8541666671874999
5 0.7021484375 0.9583333328125001 0.7099609375 0.9713541671874999 0.7138671875 0.9713541671874999 0.71875 0.96484375 0.716796875 0.94921875 0.7099609375 0.9427083328125001 0.703125 0.9466145828125001 0.7021484375 0.9583333328125001
5 0.9091796875 0.0234375 0.90625 0.0299479171875 0.9072265625 0.0364583328125 0.91015625 0.0455729171875 0.9150390625 0.0494791671875 0.923828125 0.0455729171875 0.923828125 0.0325520828125 0.9169921875 0.0234375 0.9091796875 0.0234375
2 0.8525390625 0.2578125 0.8564453125 0.2552083328125 0.8720703125 0.2578125 0.8779296875 0.25 0.8955078125 0.24739583281250002 0.9189453125 0.23177083281250002 0.921875 0.22526041718749998 0.919921875 0.20442708281250002 0.916015625 0.1966145828125 0.9169921875 0.1875 0.9140625 0.1888020828125 0.9140625 0.20182291718749998 0.9111328125 0.20572916718749998 0.9091796875 0.20052083281250002 0.8974609375 0.20572916718749998 0.8857421875 0.203125 0.8857421875 0.1901041671875 0.8828125 0.19140625 0.8818359375 0.20052083281250002 0.8681640625 0.203125 0.8642578125 0.20833333281250002 0.85546875 0.20182291718749998 0.857421875 0.1940104171875 0.8544921875 0.1901041671875 0.8515625 0.19140625 0.8505859375 0.20052083281250002 0.8408203125 0.203125 0.83984375 0.19140625 0.8369140625 0.1901041671875 0.8349609375 0.20052083281250002 0.8251953125 0.203125 0.826171875 0.19140625 0.8232421875 0.1875 0.8115234375 0.1901041671875 0.7998046875 0.20572916718749998 0.7958984375 0.20052083281250002 0.7900390625 0.20572916718749998 0.7958984375 0.2109375 0.8095703125 0.2109375 0.8125 0.21484375 0.80859375 0.22786458281250002 0.8046875 0.23046875 0.8076171875 0.234375 0.8115234375 0.234375 0.8125 0.22526041718749998 0.8173828125 0.22395833281250002 0.8212890625 0.23177083281250002 0.826171875 0.23307291718749998 0.826171875 0.24348958281250002 0.8330078125 0.2526041671875 0.8525390625 0.2578125
5 0.5283203125 0.5260416671875 0.525390625 0.5299479171875 0.5263671875 0.5390625 0.546875 0.5794270828125 0.5537109375 0.5807291671875 0.5546875 0.56640625 0.5390625 0.5481770828125 0.537109375 0.5377604171875 0.5283203125 0.5260416671875
5 0.6220703125 0.3802083328125 0.626953125 0.3997395828125 0.6318359375 0.40625 0.6396484375 0.4036458328125 0.64453125 0.3971354171875 0.642578125 0.37890625 0.64453125 0.35546875 0.638671875 0.3528645828125 0.642578125 0.34765625 0.640625 0.3372395828125 0.642578125 0.3216145828125 0.6357421875 0.3098958328125 0.6279296875 0.3098958328125 0.625 0.31640625 0.6220703125 0.3802083328125
5 0.1669921875 0.5989583328125 0.1708984375 0.6067708328125 0.17578125 0.6002604171875 0.17578125 0.5794270828125 0.1796875 0.5690104171875 0.1787109375 0.5546875 0.171875 0.5638020828125 0.1669921875 0.5989583328125
5 0.048828125 0.4752604171875 0.0458984375 0.4713541671875 0.0390625 0.4778645828125 0.03515625 0.48828125 0.0361328125 0.4947916671875 0.04296875 0.4934895828125 0.048828125 0.4752604171875
5 0.21484375 0.6549479171875 0.2099609375 0.6432291671875 0.2060546875 0.6432291671875 0.201171875 0.65234375 0.2021484375 0.6692708328125 0.212890625 0.6705729171875 0.21484375 0.6549479171875
5 0.0234375 0.3971354171875 0.0244140625 0.4114583328125 0.0322265625 0.4166666671875 0.037109375 0.40234375 0.0302734375 0.3854166671875 0.0234375 0.3971354171875