4 0.1676587296875 0.13616071406250002 0.177579365625 0.127976190625 0.1914682546875 0.10565476250000001 0.190476190625 0.09895833281250001 0.17361111093749998 0.0974702375 0.16468253906250002 0.100446428125 0.13988095312499998 0.100446428125 0.11507936562500001 0.11383928593749999 0.0873015875 0.1145833328125 0.06349206406249999 0.10342261875 0.028769840624999998 0.10639880937499999 0.009920634375 0.11309523749999999 0.002976190625 0.1272321421875 0.013888889062500001 0.13467261875 0.0386904765625 0.13988095312499998 0.06845238125 0.13988095312499998 0.0744047625 0.1383928578125 0.0803571421875 0.131696428125 0.090277778125 0.12946428593749998 0.1240079359375 0.140625 0.15178571406250002 0.1428571421875 0.1676587296875 0.13616071406250002
4 0.3971354171875 0.10546875 0.3763020828125 0.111328125 0.3671875 0.1181640625 0.3671875 0.1318359375 0.37890625 0.140625 0.3919270828125 0.14453125 0.4127604171875 0.142578125 0.4401041671875 0.1279296875 0.4401041671875 0.1181640625 0.4283854171875 0.107421875 0.3971354171875 0.10546875
4 0.359375 0.1279296875 0.35546875 0.119140625 0.3450520828125 0.12109375 0.34375 0.1279296875 0.34765625 0.130859375 0.359375 0.1279296875
4 0.53125 0.1123046875 0.5286458328125 0.1220703125 0.5338541671875 0.1298828125 0.5455729171875 0.134765625 0.57421875 0.126953125 0.578125 0.1220703125 0.5716145828125 0.11328125 0.5559895828125 0.107421875 0.5377604171875 0.107421875 0.53125 0.1123046875
4 0.6888020828125 0.1171875 0.6953125 0.1103515625 0.6861979171875 0.099609375 0.6653645828125 0.103515625 0.6588541671875 0.1083984375 0.6588541671875 0.1142578125 0.6731770828125 0.12109375 0.6888020828125 0.1171875
4 0.7265625 0.1298828125 0.7291666671875 0.1123046875 0.7174479171875 0.103515625 0.7057291671875 0.1064453125 0.6901041671875 0.1240234375 0.6901041671875 0.1337890625 0.7174479171875 0.13671875 0.7265625 0.1298828125
4 0.8203125 0.1162109375 0.8111979171874999 0.107421875 0.7981770828125 0.10546875 0.7721354171875 0.109375 0.7552083328125 0.1220703125 0.7526041671875 0.1669921875 0.7877604171875 0.185546875 0.80859375 0.1875 0.8229166671874999 0.1767578125 0.828125 0.1669921875 0.828125 0.1376953125 0.8203125 0.1162109375
4 0.7239583328125 0.2080078125 0.7174479171875 0.1953125 0.6809895828125 0.189453125 0.6705729171875 0.19140625 0.6640625 0.2001953125 0.69140625 0.21484375 0.7096354171875 0.21875 0.7239583328125 0.2080078125
4 0.6419270828125 0.21875 0.6458333328125 0.2060546875 0.6263020828125 0.203125 0.6223958328125 0.2158203125 0.6315104171875 0.220703125 0.6419270828125 0.21875
4 0.6171875 0.2041015625 0.6080729171875 0.197265625 0.59765625 0.197265625 0.5911458328125 0.2021484375 0.5885416671875 0.2099609375 0.5950520828125 0.21484375 0.6145833328125 0.2158203125 0.6171875 0.2041015625
4 0.6575520828125 0.22265625 0.6588541671875 0.2177734375 0.6497395828125 0.21484375 0.6458333328125 0.2216796875 0.6575520828125 0.22265625
4 0.765625 0.1064453125 0.7643229171875 0.09765625 0.7408854171875 0.099609375 0.7395833328125 0.1044921875 0.7565104171875 0.111328125 0.765625 0.1064453125
4 0.9427083328125001 0.1005859375 0.9427083328125001 0.0966796875 0.93359375 0.09375 0.89453125 0.091796875 0.890625 0.0986328125 0.9075520828125001 0.10546875 0.92578125 0.10546875 0.9427083328125001 0.1005859375
4 0.2955729171875 0.169921875 0.296875 0.1591796875 0.2877604171875 0.15625 0.2864583328125 0.1669921875 0.2955729171875 0.169921875
4 0.0013020828125 0.40625 0 0.4130859375 0.014322917187500001 0.42578125 0.0234375 0.4189453125 0.0260416671875 0.4111328125 0.0169270828125 0.40625 0.0013020828125 0.40625
4 0.009114582812499999 0.337890625 0.0026041671875 0.3427734375 0.014322917187500001 0.3515625 0.05859375 0.353515625 0.08854166718749999 0.3447265625 0.08723958281250001 0.33984375 0.009114582812499999 0.337890625
4 0.0013020828125 0.38671875 0 0.4111328125 0.0247395828125 0.408203125 0.0286458328125 0.3994140625 0.0234375 0.3916015625 0.0169270828125 0.38671875 0.0013020828125 0.38671875
4 0.01171875 0.427734375 0.0052083328125 0.4326171875 0.0052083328125 0.4384765625 0.0169270828125 0.4453125 0.0234375 0.4404296875 0.0234375 0.4326171875 0.01171875 0.427734375
4 0.0325520828125 0.458984375 0.0286458328125 0.4677734375 0.03515625 0.47265625 0.05078125 0.47265625 0.05729166718749999 0.4677734375 0.0481770828125 0.458984375 0.0325520828125 0.458984375
4 0.0703125 0.4423828125 0.07682291718749999 0.447265625 0.08463541718749999 0.447265625 0.09635416718749999 0.4404296875 0.09635416718749999 0.4345703125 0.08984375 0.427734375 0.07682291718749999 0.427734375 0.0703125 0.4326171875 0.0703125 0.4423828125
4 0.0859375 0.4462890625 0.08333333281250001 0.4521484375 0.08723958281250001 0.455078125 0.1041666671875 0.4521484375 0.1002604171875 0.44140625 0.09244791718749999 0.44140625 0.0859375 0.4462890625
4 0.1380208328125 0.4365234375 0.1315104171875 0.423828125 0.1184895828125 0.419921875 0.1015625 0.4228515625 0.1015625 0.4345703125 0.1106770828125 0.44140625 0.1236979171875 0.443359375 0.1380208328125 0.4365234375
4 0.1380208328125 0.4619140625 0.1341145828125 0.447265625 0.1171875 0.4501953125 0.1145833328125 0.4580078125 0.12109375 0.46484375 0.1380208328125 0.4619140625
4 0.1796875 0.4716796875 0.1796875 0.4638671875 0.1705729171875 0.455078125 0.1484375 0.4560546875 0.1432291671875 0.4697265625 0.15234375 0.4765625 0.1705729171875 0.4765625 0.1796875 0.4716796875
4 0.1888020828125 0.462890625 0.19921875 0.46484375 0.20833333281250002 0.4599609375 0.2109375 0.4541015625 0.20182291718749998 0.4453125 0.1940104171875 0.443359375 0.1809895828125 0.447265625 0.1822916671875 0.4580078125 0.1888020828125 0.462890625
4 0.22005208281250002 0.470703125 0.21875 0.4619140625 0.20963541718749998 0.4609375 0.20833333281250002 0.4677734375 0.22005208281250002 0.470703125
4 0.23046875 0.455078125 0.2265625 0.4619140625 0.23567708281250002 0.46875 0.2526041671875 0.4658203125 0.2552083328125 0.4599609375 0.2513020828125 0.45703125 0.23046875 0.455078125
4 0.2669270828125 0.4609375 0.265625 0.4677734375 0.2903645828125 0.478515625 0.3020833328125 0.4697265625 0.3020833328125 0.4658203125 0.29296875 0.4609375 0.2669270828125 0.4609375
4 0.3203125 0.4736328125 0.31640625 0.466796875 0.3059895828125 0.466796875 0.3046875 0.4736328125 0.30859375 0.4765625 0.3203125 0.4736328125
4 0.26953125 0.455078125 0.2877604171875 0.458984375 0.3020833328125 0.4560546875 0.3046875 0.4501953125 0.30078125 0.443359375 0.28515625 0.4375 0.2643229171875 0.439453125 0.2604166671875 0.4501953125 0.26953125 0.455078125
4 0.6080729171875 0.34765625 0.6041666671875 0.3525390625 0.61328125 0.357421875 0.6184895828125 0.357421875 0.625 0.3505859375 0.6184895828125 0.345703125 0.6080729171875 0.34765625
4 0.8958333328125001 0.5947265625 0.8841145828125001 0.58984375 0.8684895828125001 0.58984375 0.8567708328125001 0.5986328125 0.85546875 0.609375 0.87890625 0.611328125 0.8958333328125001 0.6005859375 0.8958333328125001 0.5947265625
4 0.9270833328125001 0.5908203125 0.92578125 0.5859375 0.9114583328125001 0.5869140625 0.91015625 0.59375 0.9270833328125001 0.5908203125
4 0.9244791671874999 0.6357421875 0.9388020828125001 0.6484375 0.9466145828125001 0.6484375 0.953125 0.6435546875 0.953125 0.6337890625 0.9440104171874999 0.625 0.9309895828125001 0.625 0.9244791671874999 0.6298828125 0.9244791671874999 0.6357421875
4 0.8567708328125001 0.6455078125 0.8567708328125001 0.6357421875 0.8502604171874999 0.62890625 0.8359375 0.6357421875 0.8307291671874999 0.6455078125 0.8372395828125001 0.65234375 0.84765625 0.654296875 0.8567708328125001 0.6455078125
4 0.88671875 0.67578125 0.9036458328125001 0.6591796875 0.8997395828125001 0.6484375 0.87109375 0.65625 0.8645833328125001 0.6611328125 0.8645833328125001 0.6689453125 0.8763020828125001 0.677734375 0.88671875 0.67578125
4 0.8958333328125001 0.6376953125 0.8958333328125001 0.6298828125 0.8893229171874999 0.626953125 0.8802083328125001 0.6337890625 0.8841145828125001 0.642578125 0.8958333328125001 0.6376953125
4 0.9049479171874999 0.69140625 0.9010416671874999 0.7001953125 0.93359375 0.71484375 0.9609375 0.7060546875 0.9609375 0.7021484375 0.9309895828125001 0.68359375 0.9049479171874999 0.69140625
4 0.87109375 0.708984375 0.8697916671874999 0.7138671875 0.8763020828125001 0.716796875 0.8880208328125001 0.7138671875 0.8880208328125001 0.7099609375 0.8815104171874999 0.70703125 0.87109375 0.708984375
4 0.4466145828125 0.59375 0.4427083328125 0.5966796875 0.4466145828125 0.6015625 0.4674479171875 0.6015625 0.4765625 0.5947265625 0.4752604171875 0.591796875 0.4466145828125 0.59375
4 0.5859375 0.5927734375 0.5794270828125 0.587890625 0.5716145828125 0.58984375 0.5677083328125 0.5947265625 0.57421875 0.59765625 0.5859375 0.5927734375
4 0.21340225 0.34642059999999997 0.1990799515625 0.347494771875 0.19406714687499999 0.34964311718749996 0.1890543421875 0.350180203125 0.1826093078125 0.3517914609375 0.1954993765625 0.355013978125 0.2062411015625 0.3544768921875 0.2205634 0.3534027203125 0.2255762046875 0.3507172890625 0.22987289375 0.3458835140625 0.2205634 0.344809340625 0.21340225 0.34642059999999997
4 0.4182111203125 0.5999252859374999 0.431101190625 0.6052961484375 0.437546225 0.6036848890625001 0.43969456874999996 0.5999252859374999 0.43539787968750004 0.59670276875 0.42608838593750004 0.597776940625 0.4182111203125 0.5999252859374999
4 0.7734375 0.6240234375 0.7734375 0.6103515625 0.7669270828125 0.609375 0.7630208328125 0.6220703125 0.76953125 0.626953125 0.7734375 0.6240234375