4 0.13467261875 0.9861111109375 0.13988095312499998 0.9613095234375001 0.13988095312499998 0.93154761875 0.1383928578125 0.9255952375 0.131696428125 0.9196428578125 0.12946428593749998 0.909722221875 0.140625 0.8759920640625 0.1428571421875 0.8482142859374999 0.13616071406250002 0.8323412703124999 0.127976190625 0.822420634375 0.10565476250000001 0.8085317453125 0.09895833281250001 0.809523809375 0.0974702375 0.8263888890625 0.100446428125 0.8353174609374999 0.100446428125 0.860119046875 0.11383928593749999 0.884920634375 0.1145833328125 0.9126984125 0.10342261875 0.9365079359375 0.10639880937499999 0.971230159375 0.11309523749999999 0.990079365625 0.1272321421875 0.997023809375 0.13467261875 0.9861111109375
4 0.1181640625 0.6328125 0.1318359375 0.6328125 0.140625 0.62109375 0.14453125 0.6080729171875 0.142578125 0.5872395828125 0.1279296875 0.5598958328125 0.1181640625 0.5598958328125 0.107421875 0.5716145828125 0.10546875 0.6028645828125 0.111328125 0.6236979171875 0.1181640625 0.6328125
4 0.12109375 0.6549479171875 0.1279296875 0.65625 0.130859375 0.65234375 0.1279296875 0.640625 0.119140625 0.64453125 0.12109375 0.6549479171875
4 0.1220703125 0.4713541671875 0.1298828125 0.4661458328125 0.134765625 0.4544270828125 0.126953125 0.42578125 0.1220703125 0.421875 0.11328125 0.4283854171875 0.107421875 0.4440104171875 0.107421875 0.4622395828125 0.1123046875 0.46875 0.1220703125 0.4713541671875
4 0.12109375 0.3268229171875 0.1171875 0.3111979171875 0.1103515625 0.3046875 0.099609375 0.3138020828125 0.103515625 0.3346354171875 0.1083984375 0.3411458328125 0.1142578125 0.3411458328125 0.12109375 0.3268229171875
4 0.13671875 0.2825520828125 0.1298828125 0.2734375 0.1123046875 0.2708333328125 0.103515625 0.2825520828125 0.1064453125 0.2942708328125 0.1240234375 0.3098958328125 0.1337890625 0.3098958328125 0.13671875 0.2825520828125
4 0.109375 0.22786458281250002 0.1220703125 0.24479166718749998 0.1669921875 0.24739583281250002 0.185546875 0.21223958281250002 0.1875 0.19140625 0.1767578125 0.1770833328125 0.1669921875 0.171875 0.1376953125 0.171875 0.1162109375 0.1796875 0.107421875 0.1888020828125 0.10546875 0.20182291718749998 0.109375 0.22786458281250002
4 0.21875 0.2903645828125 0.2080078125 0.2760416671875 0.1953125 0.2825520828125 0.189453125 0.3190104171875 0.19140625 0.3294270828125 0.2001953125 0.3359375 0.21484375 0.30859375 0.21875 0.2903645828125
4 0.203125 0.3736979171875 0.2158203125 0.3776041671875 0.220703125 0.3684895828125 0.21875 0.3580729171875 0.2060546875 0.3541666671875 0.203125 0.3736979171875
4 0.2158203125 0.3854166671875 0.2041015625 0.3828125 0.197265625 0.3919270828125 0.197265625 0.40234375 0.2021484375 0.4088541671875 0.2099609375 0.4114583328125 0.21484375 0.4049479171875 0.2158203125 0.3854166671875
4 0.22265625 0.3424479171875 0.2177734375 0.3411458328125 0.21484375 0.3502604171875 0.2216796875 0.3541666671875 0.22265625 0.3424479171875
4 0.099609375 0.2591145828125 0.1044921875 0.2604166671875 0.111328125 0.24348958281250002 0.1064453125 0.234375 0.09765625 0.23567708281250002 0.099609375 0.2591145828125
4 0.10546875 0.07421875 0.1005859375 0.05729166718749999 0.0966796875 0.05729166718749999 0.09375 0.06640625 0.091796875 0.10546875 0.0986328125 0.109375 0.10546875 0.09244791718749999 0.10546875 0.07421875
4 0.169921875 0.7044270828125 0.1591796875 0.703125 0.15625 0.7122395828125 0.1669921875 0.7135416671875 0.169921875 0.7044270828125
4 0.4111328125 0.9739583328125001 0.40625 0.9830729171874999 0.40625 0.9986979171874999 0.4130859375 1 0.42578125 0.9856770828125001 0.4189453125 0.9765625 0.4111328125 0.9739583328125001
4 0.3447265625 0.9114583328125001 0.33984375 0.9127604171874999 0.337890625 0.9908854171874999 0.3427734375 0.9973958328125001 0.3515625 0.9856770828125001 0.353515625 0.94140625 0.3447265625 0.9114583328125001
4 0.3916015625 0.9765625 0.38671875 0.9830729171874999 0.38671875 0.9986979171874999 0.4111328125 1 0.408203125 0.9752604171874999 0.3994140625 0.9713541671874999 0.3916015625 0.9765625
4 0.4404296875 0.9765625 0.4326171875 0.9765625 0.427734375 0.98828125 0.4326171875 0.9947916671874999 0.4384765625 0.9947916671874999 0.4453125 0.9830729171874999 0.4404296875 0.9765625
4 0.4677734375 0.9427083328125001 0.458984375 0.9518229171874999 0.458984375 0.9674479171874999 0.4677734375 0.9713541671874999 0.47265625 0.96484375 0.47265625 0.94921875 0.4677734375 0.9427083328125001
4 0.4423828125 0.9296875 0.447265625 0.9231770828125001 0.447265625 0.9153645828125001 0.4404296875 0.9036458328125001 0.4345703125 0.9036458328125001 0.427734375 0.91015625 0.427734375 0.9231770828125001 0.4326171875 0.9296875 0.4423828125 0.9296875
4 0.44140625 0.8997395828125001 0.44140625 0.9075520828125001 0.4462890625 0.9140625 0.4521484375 0.9166666671874999 0.455078125 0.9127604171874999 0.4521484375 0.8958333328125001 0.44140625 0.8997395828125001
4 0.443359375 0.8763020828125001 0.4365234375 0.8619791671874999 0.423828125 0.8684895828125001 0.419921875 0.8815104171874999 0.4228515625 0.8984375 0.4345703125 0.8984375 0.44140625 0.8893229171874999 0.443359375 0.8763020828125001
4 0.4501953125 0.8828125 0.4580078125 0.8854166671874999 0.46484375 0.87890625 0.4619140625 0.8619791671874999 0.447265625 0.8658854171874999 0.4501953125 0.8828125
4 0.4765625 0.8294270828125001 0.4716796875 0.8203125 0.4638671875 0.8203125 0.455078125 0.8294270828125001 0.4560546875 0.8515625 0.4697265625 0.8567708328125001 0.4765625 0.84765625 0.4765625 0.8294270828125001
4 0.462890625 0.8111979171874999 0.46484375 0.80078125 0.4599609375 0.7916666671875 0.4541015625 0.7890625 0.4453125 0.7981770828125 0.443359375 0.8059895828125001 0.447265625 0.8190104171874999 0.4580078125 0.8177083328125001 0.462890625 0.8111979171874999
4 0.470703125 0.7799479171875 0.4619140625 0.78125 0.4609375 0.7903645828125 0.4677734375 0.7916666671875 0.470703125 0.7799479171875
4 0.4599609375 0.7447916671875 0.45703125 0.7486979171875 0.455078125 0.76953125 0.4619140625 0.7734375 0.46875 0.7643229171875 0.4658203125 0.7473958328125 0.4599609375 0.7447916671875
4 0.4658203125 0.6979166671875 0.4609375 0.70703125 0.4609375 0.7330729171875 0.4677734375 0.734375 0.478515625 0.7096354171875 0.4697265625 0.6979166671875 0.4658203125 0.6979166671875
4 0.466796875 0.6940104171875 0.4736328125 0.6953125 0.4765625 0.69140625 0.4736328125 0.6796875 0.466796875 0.68359375 0.466796875 0.6940104171875
4 0.455078125 0.73046875 0.458984375 0.7122395828125 0.4560546875 0.6979166671875 0.4501953125 0.6953125 0.443359375 0.69921875 0.4375 0.71484375 0.439453125 0.7356770828125 0.4501953125 0.7395833328125 0.455078125 0.73046875
4 0.3505859375 0.375 0.345703125 0.3815104171875 0.34765625 0.3919270828125 0.3525390625 0.3958333328125 0.357421875 0.38671875 0.357421875 0.3815104171875 0.3505859375 0.375
4 0.6005859375 0.1041666671875 0.5947265625 0.1041666671875 0.58984375 0.1158854171875 0.58984375 0.1315104171875 0.5986328125 0.1432291671875 0.609375 0.14453125 0.611328125 0.12109375 0.6005859375 0.1041666671875
4 0.5908203125 0.07291666718749999 0.5859375 0.07421875 0.5869140625 0.08854166718749999 0.59375 0.08984375 0.5908203125 0.07291666718749999
4 0.6357421875 0.07552083281250001 0.6484375 0.06119791718749999 0.6484375 0.05338541718749999 0.6435546875 0.046875 0.6337890625 0.046875 0.625 0.05598958281250001 0.625 0.06901041718749999 0.6298828125 0.07552083281250001 0.6357421875 0.07552083281250001
4 0.654296875 0.15234375 0.6455078125 0.1432291671875 0.6357421875 0.1432291671875 0.62890625 0.1497395828125 0.6357421875 0.1640625 0.6455078125 0.1692708328125 0.65234375 0.1627604171875 0.654296875 0.15234375
4 0.677734375 0.1236979171875 0.67578125 0.11328125 0.6591796875 0.09635416718749999 0.6484375 0.1002604171875 0.65625 0.12890625 0.6611328125 0.1354166671875 0.6689453125 0.1354166671875 0.677734375 0.1236979171875
4 0.626953125 0.1106770828125 0.6337890625 0.1197916671875 0.642578125 0.1158854171875 0.6376953125 0.1041666671875 0.6298828125 0.1041666671875 0.626953125 0.1106770828125
4 0.7021484375 0.0390625 0.68359375 0.06901041718749999 0.69140625 0.09505208281250001 0.7001953125 0.09895833281250001 0.71484375 0.06640625 0.7060546875 0.0390625 0.7021484375 0.0390625
4 0.7099609375 0.1119791671875 0.70703125 0.1184895828125 0.708984375 0.12890625 0.7138671875 0.1302083328125 0.716796875 0.1236979171875 0.7138671875 0.1119791671875 0.7099609375 0.1119791671875
4 0.5947265625 0.5234375 0.591796875 0.5247395828125 0.59375 0.5533854171875 0.5966796875 0.5572916671875 0.6015625 0.5533854171875 0.6015625 0.5325520828125 0.5947265625 0.5234375
4 0.58984375 0.4283854171875 0.5947265625 0.4322916671875 0.59765625 0.42578125 0.5927734375 0.4140625 0.587890625 0.4205729171875 0.58984375 0.4283854171875
4 0.350180203125 0.8109456578125 0.3517914609375 0.8173906921875 0.355013978125 0.8045006234375001 0.3544768921875 0.7937588984375 0.3534027203125 0.7794366 0.3507172890625 0.7744237953125 0.3458835140625 0.77012710625 0.344809340625 0.7794366 0.34642059999999997 0.78659775 0.347494771875 0.8009200484375001 0.34964311718749996 0.805932853125 0.350180203125 0.8109456578125
4 0.59670276875 0.5646021203125 0.597776940625 0.5739116140625 0.5999252859374999 0.5817888796874999 0.6052961484375 0.568898809375 0.6036848890625001 0.562453775 0.5999252859374999 0.56030543125 0.59670276875 0.5646021203125
4 0.609375 0.23307291718749998 0.6220703125 0.23697916718749998 0.626953125 0.23046875 0.6240234375 0.2265625 0.6103515625 0.2265625 0.609375 0.23307291718749998