5 0.4791666671875 0.1728515625 0.4791666671875 0.1650390625 0.4752604171875 0.162109375 0.4635416671875 0.1650390625 0.4674479171875 0.173828125 0.4791666671875 0.1728515625
5 0.6119791671875 0.5087890625 0.6145833328125 0.5009765625 0.6028645828125 0.498046875 0.5989583328125 0.5048828125 0.60546875 0.509765625 0.6119791671875 0.5087890625
5 0.3307291671875 0.3544921875 0.33984375 0.359375 0.34375 0.3583984375 0.3463541671875 0.3486328125 0.3424479171875 0.345703125 0.33203125 0.345703125 0.3307291671875 0.3544921875
5 0.53515625 0.068359375 0.53125 0.0712890625 0.53125 0.0751953125 0.5403645828125 0.08203125 0.5546875 0.0830078125 0.5546875 0.0771484375 0.5455729171875 0.068359375 0.53515625 0.068359375
4 0.0221354171875 0.28515625 0.0299479171875 0.28515625 0.0442708328125 0.2724609375 0.0442708328125 0.2353515625 0.0299479171875 0.224609375 0.0013020828125 0.220703125 0 0.2900390625 0.00390625 0.29296875 0.015625 0.2919921875 0.0221354171875 0.28515625
5 0.4088541671875 0.5068359375 0.4088541671875 0.5009765625 0.3997395828125 0.498046875 0.3984375 0.5048828125 0.40234375 0.5078125 0.4088541671875 0.5068359375
5 0.7330729171875 0.9375 0.7200520828125 0.9375 0.7161458328125 0.9501953125 0.7200520828125 0.955078125 0.7317708328125 0.9560546875 0.7369791671875 0.9541015625 0.7395833328125 0.9443359375 0.7330729171875 0.9375
5 0.609375 0.8837890625 0.6119791671875 0.8759765625 0.6002604171875 0.873046875 0.5963541671875 0.8818359375 0.6002604171875 0.884765625 0.609375 0.8837890625
5 0.6028645828125 0.5234375 0.5794270828125 0.52734375 0.578125 0.5380859375 0.5598958328125 0.5458984375 0.56640625 0.552734375 0.5768229171875 0.556640625 0.5911458328125 0.5556640625 0.6015625 0.5419921875 0.6028645828125 0.5234375
5 0.6640625 0.9892578125 0.6705729171875 0.994140625 0.6796875 0.9931640625 0.6822916671875 0.9814453125 0.6731770828125 0.9765625 0.6653645828125 0.9765625 0.6640625 0.9892578125
5 0.1458333328125 0.1845703125 0.1484375 0.1826171875 0.1458333328125 0.1767578125 0.13671875 0.17578125 0.1354166671875 0.1845703125 0.1458333328125 0.1845703125
5 0.3645833328125 0.3486328125 0.3671875 0.3427734375 0.36328125 0.33984375 0.3515625 0.3427734375 0.35546875 0.349609375 0.3645833328125 0.3486328125
5 0.43359375 0.4609375 0.4322916671875 0.4677734375 0.4401041671875 0.4677734375 0.4427083328125 0.4619140625 0.43359375 0.4609375
2 0.23177083281250002 0.0478515625 0.24348958281250002 0.044921875 0.2747395828125 0.021484375 0.28125 0.0205078125 0.2760416671875 0.0107421875 0.2825520828125 0 0.22135416718749998 0.0009765625 0.2109375 0.0263671875 0.2109375 0.0400390625 0.21744791718749998 0.046875 0.23177083281250002 0.0478515625
2 0.2682291671875 0.2314453125 0.2578125 0.2197265625 0.2552083328125 0.2099609375 0.2513020828125 0.20703125 0.23046875 0.208984375 0.2265625 0.2119140625 0.22916666718749998 0.2294921875 0.23307291718749998 0.232421875 0.2552083328125 0.2333984375 0.2682291671875 0.2314453125
2 0.1927083328125 0.2412109375 0.1979166671875 0.2451171875 0.20052083281250002 0.2666015625 0.1927083328125 0.2919921875 0.1796875 0.3076171875 0.1888020828125 0.314453125 0.1979166671875 0.3134765625 0.22526041718749998 0.310546875 0.2513020828125 0.302734375 0.2682291671875 0.2919921875 0.28125 0.2763671875 0.2786458328125 0.2451171875 0.2513020828125 0.208984375 0.20963541718749998 0.20703125 0.1875 0.2158203125 0.1927083328125 0.2197265625 0.1927083328125 0.2412109375
2 0.08203125 0.279296875 0.078125 0.2822265625 0.08072916718749999 0.2958984375 0.07552083281250001 0.3017578125 0.08203125 0.30859375 0.09244791718749999 0.310546875 0.09765625 0.31640625 0.1197916671875 0.3154296875 0.1341145828125 0.310546875 0.1484375 0.2998046875 0.1458333328125 0.2841796875 0.140625 0.2763671875 0.1315104171875 0.2734375 0.1263020828125 0.267578125 0.1106770828125 0.271484375 0.1002604171875 0.26953125 0.08463541718749999 0.28125 0.08203125 0.279296875
2 0.1171875 0.2119140625 0.1263020828125 0.21484375 0.1419270828125 0.212890625 0.16796875 0.21484375 0.17578125 0.2109375 0.1966145828125 0.212890625 0.21223958281250002 0.20703125 0.22265625 0.20703125 0.24348958281250002 0.2109375 0.24869791718749998 0.208984375 0.2591145828125 0.216796875 0.2630208328125 0.2158203125 0.2604166671875 0.1982421875 0.23567708281250002 0.1875 0.22005208281250002 0.1875 0.20442708281250002 0.19140625 0.1888020828125 0.189453125 0.15234375 0.19140625 0.1471354171875 0.1875 0.1484375 0.1943359375 0.12890625 0.201171875 0.1171875 0.2119140625
4 0.0416666671875 0.2333984375 0.0325520828125 0.228515625 0.0247395828125 0.228515625 0.013020832812499999 0.2353515625 0.013020832812499999 0.2431640625 0.0221354171875 0.24609375 0.03125 0.2451171875 0.0416666671875 0.2412109375 0.0416666671875 0.2333984375
4 0 0.2724609375 0.01171875 0.28125 0.03125 0.2822265625 0.0416666671875 0.2763671875 0.0442708328125 0.2509765625 0.0377604171875 0.2421875 0.0325520828125 0.244140625 0.014322917187500001 0.2421875 0 0.2490234375 0 0.2724609375
4 0.05208333281250001 0.5146484375 0.0481770828125 0.51171875 0.0299479171875 0.513671875 0.0234375 0.5185546875 0.0234375 0.5224609375 0.03515625 0.53125 0.0416666671875 0.5322265625 0.05208333281250001 0.5224609375 0.05208333281250001 0.5146484375
4 0.1354166671875 0.4990234375 0.1263020828125 0.513671875 0.125 0.5068359375 0.1197916671875 0.5068359375 0.1171875 0.5244140625 0.1197916671875 0.5400390625 0.14453125 0.560546875 0.1549479171875 0.564453125 0.171875 0.5634765625 0.20442708281250002 0.556640625 0.22395833281250002 0.5419921875 0.23177083281250002 0.5302734375 0.23177083281250002 0.5107421875 0.22395833281250002 0.4951171875 0.21484375 0.48828125 0.1861979171875 0.478515625 0.16796875 0.478515625 0.1575520828125 0.484375 0.1354166671875 0.4990234375
4 0.23307291718749998 0.4921875 0.22265625 0.4921875 0.2265625 0.5068359375 0.23307291718749998 0.513671875 0.23697916718749998 0.5126953125 0.23958333281250002 0.5087890625 0.23697916718749998 0.4951171875 0.23307291718749998 0.4921875
5 0.265625 0.5048828125 0.26953125 0.51171875 0.2786458328125 0.5107421875 0.2799479171875 0.501953125 0.265625 0.5048828125
5 0.3098958328125 0.5341796875 0.3138020828125 0.537109375 0.3229166671875 0.5361328125 0.328125 0.5322265625 0.328125 0.5244140625 0.31640625 0.5234375 0.3098958328125 0.5341796875
5 0.0416666671875 0.6064453125 0.0455729171875 0.615234375 0.06770833281250001 0.6162109375 0.0703125 0.6123046875 0.06119791718749999 0.6015625 0.0442708328125 0.6005859375 0.0416666671875 0.6064453125
5 0.09635416718749999 0.6103515625 0.10546875 0.6171875 0.1119791671875 0.6181640625 0.1171875 0.6103515625 0.10546875 0.6015625 0.09895833281250001 0.6044921875 0.09635416718749999 0.6103515625
5 0.1692708328125 0.6103515625 0.171875 0.6064453125 0.16796875 0.603515625 0.15625 0.6044921875 0.16015625 0.611328125 0.1692708328125 0.6103515625
5 0.4596354171875 0.75390625 0.44921875 0.755859375 0.4401041671875 0.7626953125 0.44921875 0.767578125 0.4583333328125 0.7666015625 0.4635416671875 0.7646484375 0.4635416671875 0.7568359375 0.4596354171875 0.75390625
5 0.3528645828125 0.78515625 0.3489583328125 0.7939453125 0.3567708328125 0.7958984375 0.359375 0.7880859375 0.3528645828125 0.78515625
5 0.2708333328125 0.8408203125 0.28125 0.8330078125 0.2747395828125 0.826171875 0.2604166671875 0.8369140625 0.26171875 0.841796875 0.2708333328125 0.8408203125
5 0.3098958328125 0.8779296875 0.3138020828125 0.880859375 0.3203125 0.8798828125 0.3229166671875 0.8779296875 0.3203125 0.8720703125 0.3138020828125 0.87109375 0.3098958328125 0.8779296875
5 0.375 0.8662109375 0.3763020828125 0.873046875 0.3880208328125 0.8720703125 0.3815104171875 0.865234375 0.375 0.8662109375
5 0.40625 0.8994140625 0.41015625 0.90234375 0.4166666671875 0.9013671875 0.4192708328125 0.8935546875 0.4153645828125 0.890625 0.40625 0.8955078125 0.40625 0.8994140625
5 0.0234375 0.9208984375 0.02734375 0.923828125 0.0364583328125 0.9228515625 0.0390625 0.9189453125 0.0364583328125 0.9130859375 0.02734375 0.912109375 0.0234375 0.9208984375
5 0.0208333328125 0.9091796875 0.0260416671875 0.9033203125 0.0221354171875 0.89453125 0.013020832812499999 0.8994140625 0.015625 0.9091796875 0.0208333328125 0.9091796875
5 0.3255208328125 0.9794921875 0.3138020828125 0.970703125 0.29296875 0.974609375 0.2890625 0.9794921875 0.2916666671875 0.9892578125 0.3059895828125 1 0.3203125 0.9990234375 0.328125 0.9912109375 0.3255208328125 0.9794921875
4 0.0546875 0.7783203125 0.0455729171875 0.765625 0.0221354171875 0.763671875 0.0052083328125 0.7724609375 0 0.7861328125 0.0221354171875 0.798828125 0.0364583328125 0.7978515625 0.05208333281250001 0.7900390625 0.0546875 0.7783203125
4 0.1145833328125 0.7724609375 0.12109375 0.77734375 0.1276041671875 0.7763671875 0.1302083328125 0.7744140625 0.1276041671875 0.7666015625 0.12109375 0.765625 0.1145833328125 0.7724609375
4 0.15625 0.7236328125 0.1614583328125 0.7158203125 0.1497395828125 0.712890625 0.1458333328125 0.7197265625 0.15234375 0.724609375 0.15625 0.7236328125
4 0.1640625 0.7119140625 0.16796875 0.716796875 0.1770833328125 0.7158203125 0.17578125 0.708984375 0.1640625 0.7119140625
4 0.1692708328125 0.7138671875 0.171875 0.7119140625 0.1653645828125 0.70703125 0.15625 0.7080078125 0.1627604171875 0.71484375 0.1692708328125 0.7138671875
4 0.14453125 0.7578125 0.140625 0.7626953125 0.1458333328125 0.7724609375 0.1432291671875 0.7783203125 0.1588541671875 0.7998046875 0.18359375 0.8203125 0.1927083328125 0.8193359375 0.22265625 0.806640625 0.23958333281250002 0.7939453125 0.24739583281250002 0.7822265625 0.24479166718749998 0.7646484375 0.234375 0.7509765625 0.21484375 0.736328125 0.1966145828125 0.732421875 0.18359375 0.734375 0.1705729171875 0.74609375 0.14453125 0.7578125
4 0.1458333328125 0.8232421875 0.1497395828125 0.826171875 0.15625 0.8251953125 0.1614583328125 0.8193359375 0.1549479171875 0.814453125 0.1497395828125 0.814453125 0.1458333328125 0.8232421875
4 0.1197916671875 0.8154296875 0.12109375 0.818359375 0.1302083328125 0.8173828125 0.1263020828125 0.810546875 0.1197916671875 0.8154296875
4 0.1223958328125 0.8017578125 0.1263020828125 0.8046875 0.1328125 0.8037109375 0.1354166671875 0.7919921875 0.12890625 0.7890625 0.1223958328125 0.7939453125 0.1223958328125 0.8017578125
4 0.19921875 0.9765625 0.1731770828125 0.9765625 0.1640625 0.9833984375 0.1640625 0.9873046875 0.1770833328125 0.9990234375 0.1783854171875 0.9921875 0.1979166671875 0.9931640625 0.19921875 0.9765625
5 0.25390625 0.908203125 0.25 0.9169921875 0.2604166671875 0.9169921875 0.2630208328125 0.9130859375 0.25390625 0.908203125
5 0.3463541671875 0.9208984375 0.34765625 0.92578125 0.3645833328125 0.9248046875 0.36328125 0.919921875 0.3463541671875 0.9208984375
5 0.5572916671875 0.9638671875 0.5611979171875 0.970703125 0.5729166671875 0.9716796875 0.578125 0.9677734375 0.57421875 0.9609375 0.56640625 0.958984375 0.5572916671875 0.9638671875
5 0.5260416671875 0.9443359375 0.52734375 0.951171875 0.5364583328125 0.9501953125 0.53515625 0.943359375 0.5260416671875 0.9443359375
5 0.5403645828125 0.927734375 0.5338541671875 0.9345703125 0.5416666671875 0.9345703125 0.5442708328125 0.9306640625 0.5403645828125 0.927734375
5 0.6640625 0.9248046875 0.6653645828125 0.931640625 0.6744791671875 0.9306640625 0.6731770828125 0.92578125 0.6640625 0.9248046875
5 0.5260416671875 0.2900390625 0.52734375 0.294921875 0.5364583328125 0.2939453125 0.5520833328125 0.2822265625 0.5481770828125 0.27734375 0.5403645828125 0.27734375 0.5260416671875 0.2900390625