5 0.1728515625 0.5208333328125 0.1650390625 0.5208333328125 0.162109375 0.5247395828125 0.1650390625 0.5364583328125 0.173828125 0.5325520828125 0.1728515625 0.5208333328125
5 0.5087890625 0.3880208328125 0.5009765625 0.3854166671875 0.498046875 0.3971354171875 0.5048828125 0.4010416671875 0.509765625 0.39453125 0.5087890625 0.3880208328125
5 0.3544921875 0.6692708328125 0.359375 0.66015625 0.3583984375 0.65625 0.3486328125 0.6536458328125 0.345703125 0.6575520828125 0.345703125 0.66796875 0.3544921875 0.6692708328125
5 0.068359375 0.46484375 0.0712890625 0.46875 0.0751953125 0.46875 0.08203125 0.4596354171875 0.0830078125 0.4453125 0.0771484375 0.4453125 0.068359375 0.4544270828125 0.068359375 0.46484375
4 0.28515625 0.9778645828125001 0.28515625 0.9700520828125001 0.2724609375 0.9557291671874999 0.2353515625 0.9557291671874999 0.224609375 0.9700520828125001 0.220703125 0.9986979171874999 0.2900390625 1 0.29296875 0.99609375 0.2919921875 0.984375 0.28515625 0.9778645828125001
5 0.5068359375 0.5911458328125 0.5009765625 0.5911458328125 0.498046875 0.6002604171875 0.5048828125 0.6015625 0.5078125 0.59765625 0.5068359375 0.5911458328125
5 0.9375 0.2669270828125 0.9375 0.2799479171875 0.9501953125 0.2838541671875 0.955078125 0.2799479171875 0.9560546875 0.2682291671875 0.9541015625 0.2630208328125 0.9443359375 0.2604166671875 0.9375 0.2669270828125
5 0.8837890625 0.390625 0.8759765625 0.3880208328125 0.873046875 0.3997395828125 0.8818359375 0.4036458328125 0.884765625 0.3997395828125 0.8837890625 0.390625
5 0.5234375 0.3971354171875 0.52734375 0.4205729171875 0.5380859375 0.421875 0.5458984375 0.4401041671875 0.552734375 0.43359375 0.556640625 0.4231770828125 0.5556640625 0.4088541671875 0.5419921875 0.3984375 0.5234375 0.3971354171875
5 0.9892578125 0.3359375 0.994140625 0.3294270828125 0.9931640625 0.3203125 0.9814453125 0.3177083328125 0.9765625 0.3268229171875 0.9765625 0.3346354171875 0.9892578125 0.3359375
5 0.1845703125 0.8541666671874999 0.1826171875 0.8515625 0.1767578125 0.8541666671874999 0.17578125 0.86328125 0.1845703125 0.8645833328125001 0.1845703125 0.8541666671874999
5 0.3486328125 0.6354166671875 0.3427734375 0.6328125 0.33984375 0.63671875 0.3427734375 0.6484375 0.349609375 0.64453125 0.3486328125 0.6354166671875
5 0.4609375 0.56640625 0.4677734375 0.5677083328125 0.4677734375 0.5598958328125 0.4619140625 0.5572916671875 0.4609375 0.56640625
2 0.0478515625 0.7682291671875 0.044921875 0.7565104171875 0.021484375 0.7252604171875 0.0205078125 0.71875 0.0107421875 0.7239583328125 0 0.7174479171875 0.0009765625 0.7786458328125 0.0263671875 0.7890625 0.0400390625 0.7890625 0.046875 0.7825520828125 0.0478515625 0.7682291671875
2 0.2314453125 0.7317708328125 0.2197265625 0.7421875 0.2099609375 0.7447916671875 0.20703125 0.7486979171875 0.208984375 0.76953125 0.2119140625 0.7734375 0.2294921875 0.7708333328125 0.232421875 0.7669270828125 0.2333984375 0.7447916671875 0.2314453125 0.7317708328125
2 0.2412109375 0.8072916671874999 0.2451171875 0.8020833328125001 0.2666015625 0.7994791671875 0.2919921875 0.8072916671874999 0.3076171875 0.8203125 0.314453125 0.8111979171874999 0.3134765625 0.8020833328125001 0.310546875 0.7747395828125 0.302734375 0.7486979171875 0.2919921875 0.7317708328125 0.2763671875 0.71875 0.2451171875 0.7213541671875 0.208984375 0.7486979171875 0.20703125 0.7903645828125 0.2158203125 0.8125 0.2197265625 0.8072916671874999 0.2412109375 0.8072916671874999
2 0.279296875 0.91796875 0.2822265625 0.921875 0.2958984375 0.9192708328125001 0.3017578125 0.9244791671874999 0.30859375 0.91796875 0.310546875 0.9075520828125001 0.31640625 0.90234375 0.3154296875 0.8802083328125001 0.310546875 0.8658854171874999 0.2998046875 0.8515625 0.2841796875 0.8541666671874999 0.2763671875 0.859375 0.2734375 0.8684895828125001 0.267578125 0.8736979171874999 0.271484375 0.8893229171874999 0.26953125 0.8997395828125001 0.28125 0.9153645828125001 0.279296875 0.91796875
2 0.2119140625 0.8828125 0.21484375 0.8736979171874999 0.212890625 0.8580729171874999 0.21484375 0.83203125 0.2109375 0.82421875 0.212890625 0.8033854171874999 0.20703125 0.7877604171875 0.20703125 0.77734375 0.2109375 0.7565104171875 0.208984375 0.7513020828125 0.216796875 0.7408854171875 0.2158203125 0.7369791671875 0.1982421875 0.7395833328125 0.1875 0.7643229171875 0.1875 0.7799479171875 0.19140625 0.7955729171875 0.189453125 0.8111979171874999 0.19140625 0.84765625 0.1875 0.8528645828125001 0.1943359375 0.8515625 0.201171875 0.87109375 0.2119140625 0.8828125
4 0.2333984375 0.9583333328125001 0.228515625 0.9674479171874999 0.228515625 0.9752604171874999 0.2353515625 0.9869791671874999 0.2431640625 0.9869791671874999 0.24609375 0.9778645828125001 0.2451171875 0.96875 0.2412109375 0.9583333328125001 0.2333984375 0.9583333328125001
4 0.2724609375 1 0.28125 0.98828125 0.2822265625 0.96875 0.2763671875 0.9583333328125001 0.2509765625 0.9557291671874999 0.2421875 0.9622395828125001 0.244140625 0.9674479171874999 0.2421875 0.9856770828125001 0.2490234375 1 0.2724609375 1
4 0.5146484375 0.9479166671874999 0.51171875 0.9518229171874999 0.513671875 0.9700520828125001 0.5185546875 0.9765625 0.5224609375 0.9765625 0.53125 0.96484375 0.5322265625 0.9583333328125001 0.5224609375 0.9479166671874999 0.5146484375 0.9479166671874999
4 0.4990234375 0.8645833328125001 0.513671875 0.8736979171874999 0.5068359375 0.875 0.5068359375 0.8802083328125001 0.5244140625 0.8828125 0.5400390625 0.8802083328125001 0.560546875 0.85546875 0.564453125 0.8450520828125001 0.5634765625 0.828125 0.556640625 0.7955729171875 0.5419921875 0.7760416671875 0.5302734375 0.7682291671875 0.5107421875 0.7682291671875 0.4951171875 0.7760416671875 0.48828125 0.78515625 0.478515625 0.8138020828125001 0.478515625 0.83203125 0.484375 0.8424479171874999 0.4990234375 0.8645833328125001
4 0.4921875 0.7669270828125 0.4921875 0.77734375 0.5068359375 0.7734375 0.513671875 0.7669270828125 0.5126953125 0.7630208328125 0.5087890625 0.7604166671875 0.4951171875 0.7630208328125 0.4921875 0.7669270828125
5 0.5048828125 0.734375 0.51171875 0.73046875 0.5107421875 0.7213541671875 0.501953125 0.7200520828125 0.5048828125 0.734375
5 0.5341796875 0.6901041671875 0.537109375 0.6861979171875 0.5361328125 0.6770833328125 0.5322265625 0.671875 0.5244140625 0.671875 0.5234375 0.68359375 0.5341796875 0.6901041671875
5 0.6064453125 0.9583333328125001 0.615234375 0.9544270828125001 0.6162109375 0.9322916671874999 0.6123046875 0.9296875 0.6015625 0.9388020828125001 0.6005859375 0.9557291671874999 0.6064453125 0.9583333328125001
5 0.6103515625 0.9036458328125001 0.6171875 0.89453125 0.6181640625 0.8880208328125001 0.6103515625 0.8828125 0.6015625 0.89453125 0.6044921875 0.9010416671874999 0.6103515625 0.9036458328125001
5 0.6103515625 0.8307291671874999 0.6064453125 0.828125 0.603515625 0.83203125 0.6044921875 0.84375 0.611328125 0.83984375 0.6103515625 0.8307291671874999
5 0.75390625 0.5403645828125 0.755859375 0.55078125 0.7626953125 0.5598958328125 0.767578125 0.55078125 0.7666015625 0.5416666671875 0.7646484375 0.5364583328125 0.7568359375 0.5364583328125 0.75390625 0.5403645828125
5 0.78515625 0.6471354171875 0.7939453125 0.6510416671875 0.7958984375 0.6432291671875 0.7880859375 0.640625 0.78515625 0.6471354171875
5 0.8408203125 0.7291666671875 0.8330078125 0.71875 0.826171875 0.7252604171875 0.8369140625 0.7395833328125 0.841796875 0.73828125 0.8408203125 0.7291666671875
5 0.8779296875 0.6901041671875 0.880859375 0.6861979171875 0.8798828125 0.6796875 0.8779296875 0.6770833328125 0.8720703125 0.6796875 0.87109375 0.6861979171875 0.8779296875 0.6901041671875
5 0.8662109375 0.625 0.873046875 0.6236979171875 0.8720703125 0.6119791671875 0.865234375 0.6184895828125 0.8662109375 0.625
5 0.8994140625 0.59375 0.90234375 0.58984375 0.9013671875 0.5833333328125 0.8935546875 0.5807291671875 0.890625 0.5846354171875 0.8955078125 0.59375 0.8994140625 0.59375
5 0.9208984375 0.9765625 0.923828125 0.97265625 0.9228515625 0.9635416671874999 0.9189453125 0.9609375 0.9130859375 0.9635416671874999 0.912109375 0.97265625 0.9208984375 0.9765625
5 0.9091796875 0.9791666671874999 0.9033203125 0.9739583328125001 0.89453125 0.9778645828125001 0.8994140625 0.9869791671874999 0.9091796875 0.984375 0.9091796875 0.9791666671874999
5 0.9794921875 0.6744791671875 0.970703125 0.6861979171875 0.974609375 0.70703125 0.9794921875 0.7109375 0.9892578125 0.7083333328125 1 0.6940104171875 0.9990234375 0.6796875 0.9912109375 0.671875 0.9794921875 0.6744791671875
4 0.7783203125 0.9453125 0.765625 0.9544270828125001 0.763671875 0.9778645828125001 0.7724609375 0.9947916671874999 0.7861328125 1 0.798828125 0.9778645828125001 0.7978515625 0.9635416671874999 0.7900390625 0.9479166671874999 0.7783203125 0.9453125
4 0.7724609375 0.8854166671874999 0.77734375 0.87890625 0.7763671875 0.8723958328125001 0.7744140625 0.8697916671874999 0.7666015625 0.8723958328125001 0.765625 0.87890625 0.7724609375 0.8854166671874999
4 0.7236328125 0.84375 0.7158203125 0.8385416671874999 0.712890625 0.8502604171874999 0.7197265625 0.8541666671874999 0.724609375 0.84765625 0.7236328125 0.84375
4 0.7119140625 0.8359375 0.716796875 0.83203125 0.7158203125 0.8229166671874999 0.708984375 0.82421875 0.7119140625 0.8359375
4 0.7138671875 0.8307291671874999 0.7119140625 0.828125 0.70703125 0.8346354171874999 0.7080078125 0.84375 0.71484375 0.8372395828125001 0.7138671875 0.8307291671874999
4 0.7578125 0.85546875 0.7626953125 0.859375 0.7724609375 0.8541666671874999 0.7783203125 0.8567708328125001 0.7998046875 0.8411458328125001 0.8203125 0.81640625 0.8193359375 0.8072916671874999 0.806640625 0.77734375 0.7939453125 0.7604166671875 0.7822265625 0.7526041671875 0.7646484375 0.7552083328125 0.7509765625 0.765625 0.736328125 0.78515625 0.732421875 0.8033854171874999 0.734375 0.81640625 0.74609375 0.8294270828125001 0.7578125 0.85546875
4 0.8232421875 0.8541666671874999 0.826171875 0.8502604171874999 0.8251953125 0.84375 0.8193359375 0.8385416671874999 0.814453125 0.8450520828125001 0.814453125 0.8502604171874999 0.8232421875 0.8541666671874999
4 0.8154296875 0.8802083328125001 0.818359375 0.87890625 0.8173828125 0.8697916671874999 0.810546875 0.8736979171874999 0.8154296875 0.8802083328125001
4 0.8017578125 0.8776041671874999 0.8046875 0.8736979171874999 0.8037109375 0.8671875 0.7919921875 0.8645833328125001 0.7890625 0.87109375 0.7939453125 0.8776041671874999 0.8017578125 0.8776041671874999
4 0.9765625 0.80078125 0.9765625 0.8268229171874999 0.9833984375 0.8359375 0.9873046875 0.8359375 0.9990234375 0.8229166671874999 0.9921875 0.8216145828125001 0.9931640625 0.8020833328125001 0.9765625 0.80078125
5 0.908203125 0.74609375 0.9169921875 0.75 0.9169921875 0.7395833328125 0.9130859375 0.7369791671875 0.908203125 0.74609375
5 0.9208984375 0.6536458328125 0.92578125 0.65234375 0.9248046875 0.6354166671875 0.919921875 0.63671875 0.9208984375 0.6536458328125
5 0.9638671875 0.4427083328125 0.970703125 0.4388020828125 0.9716796875 0.4270833328125 0.9677734375 0.421875 0.9609375 0.42578125 0.958984375 0.43359375 0.9638671875 0.4427083328125
5 0.9443359375 0.4739583328125 0.951171875 0.47265625 0.9501953125 0.4635416671875 0.943359375 0.46484375 0.9443359375 0.4739583328125
5 0.927734375 0.4596354171875 0.9345703125 0.4661458328125 0.9345703125 0.4583333328125 0.9306640625 0.4557291671875 0.927734375 0.4596354171875
5 0.9248046875 0.3359375 0.931640625 0.3346354171875 0.9306640625 0.3255208328125 0.92578125 0.3268229171875 0.9248046875 0.3359375
5 0.2900390625 0.4739583328125 0.294921875 0.47265625 0.2939453125 0.4635416671875 0.2822265625 0.4479166671875 0.27734375 0.4518229171875 0.27734375 0.4596354171875 0.2900390625 0.4739583328125