2 0.1002604171875 0.59375 0.0377604171875 0.591796875 0.0364583328125 0.6025390625 0.0455729171875 0.607421875 0.05859375 0.609375 0.1041666671875 0.6513671875 0.1067708328125 0.6748046875 0.1223958328125 0.7041015625 0.1341145828125 0.7109375 0.1666666671875 0.7099609375 0.20963541718749998 0.6953125 0.21875 0.6884765625 0.24739583281250002 0.6455078125 0.24479166718749998 0.6240234375 0.22786458281250002 0.615234375 0.18359375 0.60546875 0.1731770828125 0.59375 0.15234375 0.587890625 0.11328125 0.58984375 0.1002604171875 0.59375
2 0.22005208281250002 0.8359375 0.1731770828125 0.84765625 0.1471354171875 0.84765625 0.11328125 0.857421875 0.07942708281250001 0.861328125 0.0625 0.8740234375 0.05989583281250001 0.9072265625 0.07421875 0.921875 0.09114583281250001 0.9248046875 0.1809895828125 0.921875 0.20442708281250002 0.91796875 0.23307291718749998 0.900390625 0.2747395828125 0.8828125 0.2942708328125 0.8701171875 0.2994791671875 0.8583984375 0.2942708328125 0.8408203125 0.27734375 0.830078125 0.26171875 0.830078125 0.22005208281250002 0.8359375
5 0.6041666671875 0.3583984375 0.6067708328125 0.3544921875 0.6028645828125 0.349609375 0.59765625 0.34765625 0.5924479171875 0.349609375 0.5755208328125 0.3603515625 0.5729166671875 0.3662109375 0.5768229171875 0.369140625 0.5833333328125 0.3681640625 0.6041666671875 0.3583984375
5 0.6015625 0.6591796875 0.60546875 0.6640625 0.6145833328125 0.6630859375 0.6171875 0.6572265625 0.61328125 0.654296875 0.6080729171875 0.654296875 0.6015625 0.6591796875
5 0.8958333328125001 0.4619140625 0.9088541671874999 0.4541015625 0.9049479171874999 0.44921875 0.8932291671874999 0.4521484375 0.890625 0.4599609375 0.8958333328125001 0.4619140625
5 0.4830729171875 0.58984375 0.4778645828125 0.58984375 0.4739583328125 0.5986328125 0.4778645828125 0.6015625 0.484375 0.6005859375 0.4895833328125 0.5986328125 0.4895833328125 0.5947265625 0.4830729171875 0.58984375
5 0.4270833328125 0.6103515625 0.43359375 0.6171875 0.4375 0.6162109375 0.4453125 0.6103515625 0.4361979171875 0.603515625 0.4309895828125 0.603515625 0.4270833328125 0.6103515625
5 0.63671875 0.470703125 0.6236979171875 0.470703125 0.6145833328125 0.4814453125 0.6236979171875 0.490234375 0.6354166671875 0.4912109375 0.6458333328125 0.4853515625 0.6458333328125 0.4755859375 0.63671875 0.470703125
5 0.5416666671875 0.3759765625 0.5364583328125 0.3681640625 0.52734375 0.365234375 0.5208333328125 0.3681640625 0.515625 0.3857421875 0.5247395828125 0.392578125 0.5364583328125 0.3916015625 0.5416666671875 0.3896484375 0.5416666671875 0.3759765625
5 0.3307291671875 0.7763671875 0.35546875 0.767578125 0.36328125 0.767578125 0.3684895828125 0.7734375 0.3736979171875 0.7734375 0.3723958328125 0.7548828125 0.3658854171875 0.751953125 0.33203125 0.765625 0.3203125 0.7744140625 0.3216145828125 0.77734375 0.3307291671875 0.7763671875
5 0.09505208281250001 0.6796875 0.07942708281250001 0.6796875 0.078125 0.6904296875 0.08463541718749999 0.697265625 0.09114583281250001 0.6982421875 0.09895833281250001 0.6943359375 0.09895833281250001 0.6845703125 0.09505208281250001 0.6796875