5 0.4697265625 0.3098958328125 0.466796875 0.2903645828125 0.4599609375 0.28125 0.4482421875 0.2838541671875 0.44140625 0.2903645828125 0.439453125 0.3059895828125 0.44140625 0.31640625 0.4462890625 0.3229166671875 0.4619140625 0.328125 0.46875 0.3190104171875 0.4697265625 0.3098958328125
5 0.2607421875 0.8671875 0.2548828125 0.8671875 0.25390625 0.8736979171874999 0.2607421875 0.875 0.2607421875 0.8671875
5 0.509765625 0.4466145828125 0.5087890625 0.4322916671875 0.5048828125 0.4244791671875 0.4970703125 0.4244791671875 0.4921875 0.4388020828125 0.4990234375 0.4505208328125 0.5068359375 0.4505208328125 0.509765625 0.4466145828125
5 0.8359375 0.0169270828125 0.8388671875 0.0286458328125 0.8427734375 0.0286458328125 0.849609375 0.01953125 0.8486328125 0 0.837890625 0.0013020828125 0.8359375 0.0169270828125
5 1 0.4440104171875 0.9990234375 0.4088541671875 0.9873046875 0.4036458328125 0.98046875 0.41015625 0.978515625 0.4231770828125 0.9833984375 0.4453125 0.9951171875 0.4479166671875 1 0.4440104171875
5 0.22265625 0.7434895828125 0.2216796875 0.734375 0.2197265625 0.7317708328125 0.2119140625 0.734375 0.20703125 0.7408854171875 0.20703125 0.7486979171875 0.2197265625 0.75 0.22265625 0.7434895828125
5 0.0703125 0.009114582812499999 0.0751953125 0.0182291671875 0.0830078125 0.0182291671875 0.087890625 0.009114582812499999 0.0869140625 0.0026041671875 0.0732421875 0 0.0703125 0.009114582812499999
5 0.6826171875 0.9036458328125001 0.6796875 0.89453125 0.6689453125 0.8802083328125001 0.6591796875 0.8828125 0.65234375 0.89453125 0.65234375 0.91015625 0.6650390625 0.9296875 0.6728515625 0.9322916671874999 0.6796875 0.92578125 0.68359375 0.9153645828125001 0.6826171875 0.9036458328125001
5 0.642578125 0.33984375 0.6552734375 0.359375 0.6630859375 0.3619791671875 0.673828125 0.3502604171875 0.6728515625 0.3255208328125 0.6650390625 0.3151041671875 0.6513671875 0.3151041671875 0.642578125 0.3294270828125 0.642578125 0.33984375
5 0.681640625 0.22786458281250002 0.6884765625 0.23697916718749998 0.6943359375 0.23958333281250002 0.69921875 0.23307291718749998 0.6982421875 0.22395833281250002 0.6943359375 0.20833333281250002 0.6865234375 0.20572916718749998 0.68359375 0.20963541718749998 0.681640625 0.22786458281250002
5 0.7041015625 0.2708333328125 0.6953125 0.26953125 0.693359375 0.28515625 0.6982421875 0.2942708328125 0.705078125 0.2903645828125 0.7041015625 0.2708333328125
5 0.49609375 0.10546875 0.4951171875 0.09375 0.4912109375 0.0859375 0.4873046875 0.0859375 0.482421875 0.09505208281250001 0.482421875 0.1028645828125 0.4892578125 0.1145833328125 0.49609375 0.10546875
5 0.5078125 0.6888020828125 0.5078125 0.69921875 0.5126953125 0.7057291671875 0.51953125 0.7018229171875 0.5185546875 0.6875 0.5107421875 0.6848958328125 0.5078125 0.6888020828125
5 0.53515625 0.6809895828125 0.5361328125 0.6640625 0.5322265625 0.6510416671875 0.5244140625 0.6510416671875 0.51953125 0.6575520828125 0.51953125 0.66796875 0.5263671875 0.6822916671875 0.53515625 0.6809895828125
5 0.5703125 0.5716145828125 0.5703125 0.5872395828125 0.5830078125 0.6067708328125 0.591796875 0.6028645828125 0.5908203125 0.5859375 0.5791015625 0.5677083328125 0.5703125 0.5716145828125
5 0.4443359375 0.6848958328125 0.44140625 0.69140625 0.4453125 0.7044270828125 0.443359375 0.7122395828125 0.4462890625 0.7161458328125 0.4599609375 0.7135416671875 0.46484375 0.70703125 0.4638671875 0.6979166671875 0.4580078125 0.6822916671875 0.4443359375 0.6848958328125
5 0.861328125 0.4388020828125 0.8662109375 0.4479166671875 0.8798828125 0.453125 0.884765625 0.4466145828125 0.8837890625 0.4270833328125 0.8828125 0.41796875 0.8759765625 0.4114583328125 0.861328125 0.42578125 0.861328125 0.4388020828125
5 0.8759765625 0.78125 0.8798828125 0.765625 0.87890625 0.75390625 0.8681640625 0.75 0.86328125 0.76171875 0.865234375 0.7799479171875 0.8681640625 0.7838541671875 0.8759765625 0.78125
5 0.2216796875 0.7083333328125 0.2080078125 0.7135416671875 0.201171875 0.7252604171875 0.203125 0.75390625 0.2060546875 0.7578125 0.2275390625 0.7578125 0.234375 0.7486979171875 0.2333984375 0.7317708328125 0.23046875 0.7200520828125 0.2216796875 0.7083333328125
5 0.1796875 0.6315104171875 0.1884765625 0.6458333328125 0.1962890625 0.6458333328125 0.203125 0.63671875 0.2021484375 0.6223958328125 0.1943359375 0.609375 0.1904296875 0.609375 0.181640625 0.6158854171875 0.1796875 0.6315104171875
5 0.2734375 0.62890625 0.2724609375 0.6197916671875 0.2607421875 0.609375 0.25390625 0.6158854171875 0.255859375 0.62890625 0.2646484375 0.6354166671875 0.2685546875 0.6354166671875 0.2734375 0.62890625
5 0.26953125 0.7278645828125 0.2783203125 0.7395833328125 0.283203125 0.7356770828125 0.28515625 0.7278645828125 0.2841796875 0.7135416671875 0.271484375 0.7122395828125 0.26953125 0.7278645828125