5 0.3544921875 0.359375 0.3642578125 0.3697916671875 0.373046875 0.36328125 0.3701171875 0.3541666671875 0.3544921875 0.3541666671875 0.3544921875 0.359375
5 0.970703125 0.1106770828125 0.9677734375 0.1067708328125 0.9599609375 0.1067708328125 0.955078125 0.11328125 0.9560546875 0.1197916671875 0.9638671875 0.1223958328125 0.970703125 0.1158854171875 0.970703125 0.1106770828125
5 0.830078125 0.20442708281250002 0.830078125 0.19140625 0.8212890625 0.1875 0.814453125 0.1966145828125 0.8154296875 0.203125 0.8193359375 0.20833333281250002 0.8271484375 0.20833333281250002 0.830078125 0.20442708281250002
5 0.8759765625 0.6354166671875 0.880859375 0.6263020828125 0.880859375 0.6184895828125 0.8759765625 0.6119791671875 0.8681640625 0.6119791671875 0.861328125 0.6184895828125 0.8623046875 0.6302083328125 0.8662109375 0.6354166671875 0.8759765625 0.6354166671875
2 0.7294921875 0.4192708328125 0.6514310562500001 0.42107558125000005 0.6063158140625 0.42107558125000005 0.5638860046875 0.41606277656249996 0.5526071953125 0.40818551249999996 0.549384678125 0.3938632140625 0.5526071953125 0.3795409140625 0.5574409703125001 0.3587735828125 0.572479384375 0.3423029390625 0.590740315625 0.327980640625 0.7191039171875 0.31437445625 0.7158814 0.3115099953125 0.6960092109375 0.3093616515625 0.6865234375 0.3072916671875 0.6513671875 0.3020833328125 0.5810546875 0.3046875 0.5498046875 0.2916666671875 0.4990234375 0.2890625 0.4775390625 0.3020833328125 0.466796875 0.3138020828125 0.458984375 0.3606770828125 0.4599609375 0.3932291671875 0.4609375 0.4049479171875 0.4736328125 0.4296875 0.4951171875 0.4505208328125 0.5244140625 0.4635416671875 0.5556640625 0.4609375 0.5673828125 0.4505208328125 0.6103515625 0.4401041671875 0.6259765625 0.4270833328125 0.7021484375 0.4270833328125 0.7294921875 0.4192708328125
2 0.6201171875 0.8880208328125001 0.6259765625 0.8854166671874999 0.6416015625 0.8671875 0.6845703125 0.8671875 0.703125 0.85546875 0.683129596875 0.8541650015625001 0.6762466515625001 0.8606230734375 0.6739523375 0.8562043921875 0.6734424890625 0.857903884375 0.6734424890625 0.856544290625 0.671658021875 0.8555245953125 0.6711481734375 0.8589235796875 0.670128478125 0.8568841890625001 0.66655954375 0.858243784375 0.6640103046875 0.8551846968750001 0.6619709140625 0.8572240890625 0.65916675 0.856544290625 0.655852740625 0.8592634796875 0.6520288812499999 0.858243784375 0.64922471875 0.8592634796875 0.6446360890625 0.8619826671874999 0.6395376109375001 0.8630023625 0.6331645140625 0.8630023625 0.6288308078125 0.8633422625 0.6252618734375 0.8633422625 0.622457709375 0.8650417546875 0.6178690796875 0.8650417546875 0.615319840625 0.8660614499999999 0.6114959828125001 0.8660614499999999 0.6005342546875 0.8653816531249999 0.59161191875 0.8599432765625 0.586258515625 0.8664013484374999 0.5831994296875 0.8599432765625 0.578355875 0.8541650015625001 0.5689236921874999 0.8555245953125 0.564960178125 0.8457317375000001 0.5601264015625 0.8442995062499999 0.562274746875 0.8357061281249999 0.559589315625 0.8321255531249999 0.569793953125 0.806345415625 0.580078125 0.80078125 0.5810546875 0.796875 0.5869140625 0.7916666671875 0.5947265625 0.7916666671875 0.6005859375 0.7838541671875 0.6123046875 0.7786458328125 0.6376953125 0.7838541671875 0.6474609375 0.7916666671875 0.6904296875 0.7916666671875 0.6923828125 0.7890625 0.7001953125 0.7916666671875 0.7119140625 0.7838541671875 0.71484375 0.77734375 0.6982421875 0.765625 0.6748046875 0.7552083328125 0.6669921875 0.7552083328125 0.6572265625 0.7473958328125 0.6416015625 0.7473958328125 0.6279296875 0.7395833328125 0.6103515625 0.7369791671875 0.6083984375 0.7395833328125 0.5986328125 0.7317708328125 0.5654296875 0.7239583328125 0.5615234375 0.7265625 0.5517578125 0.71875 0.5361328125 0.7161458328125 0.5302734375 0.7213541671875 0.5224609375 0.7213541671875 0.5126953125 0.734375 0.494140625 0.7486979171875 0.484375 0.77734375 0.486328125 0.8033854171874999 0.48046875 0.83203125 0.4814453125 0.8489583328125001 0.4892578125 0.8645833328125001 0.5185546875 0.8828125 0.5341796875 0.8802083328125001 0.5400390625 0.8880208328125001 0.5537109375 0.8880208328125001 0.5595703125 0.8932291671874999 0.5771484375 0.8854166671874999 0.5849609375 0.8854166671874999 0.5927734375 0.890625 0.6201171875 0.8880208328125001
5 0.2451171875 0.5572916671875 0.2392578125 0.5572916671875 0.2392578125 0.5625 0.2431640625 0.5703125 0.25 0.5690104171875 0.25 0.5638020828125 0.2451171875 0.5572916671875
5 0.1806640625 0.5651041671875 0.17578125 0.5690104171875 0.1767578125 0.578125 0.1884765625 0.5807291671875 0.193359375 0.57421875 0.1884765625 0.5651041671875 0.1806640625 0.5651041671875
4 0.03515625 0.9153645828125001 0.0341796875 0.9010416671874999 0.0302734375 0.9010416671874999 0.0234375 0.91015625 0.0166015625 0.9270833328125001 0.0205078125 0.9348958328125001 0.02734375 0.93359375 0.03515625 0.9153645828125001
4 0.0087890625 0.9322916671874999 0 0.9440104171874999 0.0009765625 0.9583333328125001 0.0146484375 0.9505208328125001 0.0234375 0.9361979171874999 0.0146484375 0.9296875 0.0087890625 0.9322916671874999
4 0.02734375 0.95703125 0.0185546875 0.953125 0.0087890625 0.9583333328125001 0.005859375 0.9622395828125001 0.0068359375 0.9739583328125001 0.0205078125 0.9713541671874999 0.02734375 0.9622395828125001 0.02734375 0.95703125
4 0.009765625 0.8658854171874999 0.0009765625 0.8619791671874999 0.0009765625 0.8958333328125001 0.01171875 0.8893229171874999 0.009765625 0.8658854171874999
4 0.0029296875 0.8541666671874999 0 0.85546875 0.0009765625 0.8776041671874999 0.009765625 0.87109375 0.0029296875 0.8541666671874999
4 0.0078125 0.9127604171874999 0.0009765625 0.9010416671874999 0.0009765625 0.9322916671874999 0.0078125 0.92578125 0.0078125 0.9127604171874999
4 0.0394984203125 0.829253809375 0.0326624828125 0.833160059375 0.0336390453125 0.8396704765624999 0.0375452953125 0.844878809375 0.0443812328125 0.8435767265624999 0.0443812328125 0.8357642265624999 0.0394984203125 0.829253809375
4 0.056640625 0.8424479171874999 0.0498046875 0.8411458328125001 0.0498046875 0.8463541671874999 0.0556640625 0.8489583328125001 0.056640625 0.8424479171874999
4 0.0029296875 0.8307291671874999 0 0.83203125 0.0009765625 0.8411458328125001 0.005859375 0.83984375 0.0029296875 0.8307291671874999