4 0.8943452375 0.1914682546875 0.9010416671874999 0.190476190625 0.9025297625 0.17361111093749998 0.8995535718750001 0.16468253906250002 0.8995535718750001 0.13988095312499998 0.8861607140625001 0.11507936562500001 0.8854166671874999 0.0873015875 0.89657738125 0.06349206406249999 0.893601190625 0.028769840624999998 0.8869047625 0.009920634375 0.8727678578125 0.002976190625 0.86532738125 0.013888889062500001 0.860119046875 0.0386904765625 0.860119046875 0.06845238125 0.8616071421875 0.0744047625 0.8683035718750001 0.0803571421875 0.8705357140625001 0.090277778125 0.859375 0.1240079359375 0.8571428578125 0.15178571406250002 0.8638392859374999 0.1676587296875 0.872023809375 0.177579365625 0.8943452375 0.1914682546875
4 0.8818359375 0.3671875 0.8681640625 0.3671875 0.859375 0.37890625 0.85546875 0.3919270828125 0.857421875 0.4127604171875 0.8720703125 0.4401041671875 0.8818359375 0.4401041671875 0.892578125 0.4283854171875 0.89453125 0.3971354171875 0.888671875 0.3763020828125 0.8818359375 0.3671875
4 0.87890625 0.3450520828125 0.8720703125 0.34375 0.869140625 0.34765625 0.8720703125 0.359375 0.880859375 0.35546875 0.87890625 0.3450520828125
4 0.8701171875 0.5338541671875 0.865234375 0.5455729171875 0.873046875 0.57421875 0.8779296875 0.578125 0.88671875 0.5716145828125 0.892578125 0.5559895828125 0.892578125 0.5377604171875 0.8876953125 0.53125 0.8779296875 0.5286458328125 0.8701171875 0.5338541671875
4 0.900390625 0.6861979171875 0.896484375 0.6653645828125 0.8916015625 0.6588541671875 0.8857421875 0.6588541671875 0.87890625 0.6731770828125 0.8828125 0.6888020828125 0.8896484375 0.6953125 0.900390625 0.6861979171875
4 0.896484375 0.7174479171875 0.8935546875 0.7057291671875 0.8759765625 0.6901041671875 0.8662109375 0.6901041671875 0.86328125 0.7174479171875 0.8701171875 0.7265625 0.8876953125 0.7291666671875 0.896484375 0.7174479171875
4 0.89453125 0.7981770828125 0.890625 0.7721354171875 0.8779296875 0.7552083328125 0.8330078125 0.7526041671875 0.814453125 0.7877604171875 0.8125 0.80859375 0.8232421875 0.8229166671874999 0.8330078125 0.828125 0.8623046875 0.828125 0.8837890625 0.8203125 0.892578125 0.8111979171874999 0.89453125 0.7981770828125
4 0.810546875 0.6809895828125 0.80859375 0.6705729171875 0.7998046875 0.6640625 0.78515625 0.69140625 0.78125 0.7096354171875 0.7919921875 0.7239583328125 0.8046875 0.7174479171875 0.810546875 0.6809895828125
4 0.796875 0.6263020828125 0.7841796875 0.6223958328125 0.779296875 0.6315104171875 0.78125 0.6419270828125 0.7939453125 0.6458333328125 0.796875 0.6263020828125
4 0.802734375 0.59765625 0.7978515625 0.5911458328125 0.7900390625 0.5885416671875 0.78515625 0.5950520828125 0.7841796875 0.6145833328125 0.7958984375 0.6171875 0.802734375 0.6080729171875 0.802734375 0.59765625
4 0.78515625 0.6497395828125 0.7783203125 0.6458333328125 0.77734375 0.6575520828125 0.7822265625 0.6588541671875 0.78515625 0.6497395828125
4 0.900390625 0.7408854171875 0.8955078125 0.7395833328125 0.888671875 0.7565104171875 0.8935546875 0.765625 0.90234375 0.7643229171875 0.900390625 0.7408854171875
4 0.90625 0.93359375 0.908203125 0.89453125 0.9013671875 0.890625 0.89453125 0.9075520828125001 0.89453125 0.92578125 0.8994140625 0.9427083328125001 0.9033203125 0.9427083328125001 0.90625 0.93359375
4 0.84375 0.2877604171875 0.8330078125 0.2864583328125 0.830078125 0.2955729171875 0.8408203125 0.296875 0.84375 0.2877604171875
4 0.57421875 0.014322917187500001 0.5810546875 0.0234375 0.5888671875 0.0260416671875 0.59375 0.0169270828125 0.59375 0.0013020828125 0.5869140625 0 0.57421875 0.014322917187500001
4 0.6484375 0.014322917187500001 0.646484375 0.05859375 0.6552734375 0.08854166718749999 0.66015625 0.08723958281250001 0.662109375 0.009114582812499999 0.6572265625 0.0026041671875 0.6484375 0.014322917187500001
4 0.591796875 0.0247395828125 0.6005859375 0.0286458328125 0.6083984375 0.0234375 0.61328125 0.0169270828125 0.61328125 0.0013020828125 0.5888671875 0 0.591796875 0.0247395828125
4 0.5615234375 0.0052083328125 0.5546875 0.0169270828125 0.5595703125 0.0234375 0.5673828125 0.0234375 0.572265625 0.01171875 0.5673828125 0.0052083328125 0.5615234375 0.0052083328125
4 0.52734375 0.03515625 0.52734375 0.05078125 0.5322265625 0.05729166718749999 0.541015625 0.0481770828125 0.541015625 0.0325520828125 0.5322265625 0.0286458328125 0.52734375 0.03515625
4 0.552734375 0.08463541718749999 0.5595703125 0.09635416718749999 0.5654296875 0.09635416718749999 0.572265625 0.08984375 0.572265625 0.07682291718749999 0.5673828125 0.0703125 0.5576171875 0.0703125 0.552734375 0.07682291718749999 0.552734375 0.08463541718749999
4 0.544921875 0.08723958281250001 0.5478515625 0.1041666671875 0.55859375 0.1002604171875 0.55859375 0.09244791718749999 0.5537109375 0.0859375 0.5478515625 0.08333333281250001 0.544921875 0.08723958281250001
4 0.580078125 0.1184895828125 0.5771484375 0.1015625 0.5654296875 0.1015625 0.55859375 0.1106770828125 0.556640625 0.1236979171875 0.5634765625 0.1380208328125 0.576171875 0.1315104171875 0.580078125 0.1184895828125
4 0.5498046875 0.1171875 0.5419921875 0.1145833328125 0.53515625 0.12109375 0.5380859375 0.1380208328125 0.552734375 0.1341145828125 0.5498046875 0.1171875
4 0.544921875 0.1705729171875 0.5439453125 0.1484375 0.5302734375 0.1432291671875 0.5234375 0.15234375 0.5234375 0.1705729171875 0.5283203125 0.1796875 0.5361328125 0.1796875 0.544921875 0.1705729171875
4 0.5400390625 0.20833333281250002 0.5458984375 0.2109375 0.5546875 0.20182291718749998 0.556640625 0.1940104171875 0.552734375 0.1809895828125 0.5419921875 0.1822916671875 0.537109375 0.1888020828125 0.53515625 0.19921875 0.5400390625 0.20833333281250002
4 0.5390625 0.20963541718749998 0.5322265625 0.20833333281250002 0.529296875 0.22005208281250002 0.5380859375 0.21875 0.5390625 0.20963541718749998
4 0.53125 0.23567708281250002 0.5341796875 0.2526041671875 0.5400390625 0.2552083328125 0.54296875 0.2513020828125 0.544921875 0.23046875 0.5380859375 0.2265625 0.53125 0.23567708281250002
4 0.521484375 0.2903645828125 0.5302734375 0.3020833328125 0.5341796875 0.3020833328125 0.5390625 0.29296875 0.5390625 0.2669270828125 0.5322265625 0.265625 0.521484375 0.2903645828125
4 0.533203125 0.3059895828125 0.5263671875 0.3046875 0.5234375 0.30859375 0.5263671875 0.3203125 0.533203125 0.31640625 0.533203125 0.3059895828125
4 0.5439453125 0.3020833328125 0.5498046875 0.3046875 0.556640625 0.30078125 0.5625 0.28515625 0.560546875 0.2643229171875 0.5498046875 0.2604166671875 0.544921875 0.26953125 0.541015625 0.2877604171875 0.5439453125 0.3020833328125
4 0.642578125 0.61328125 0.642578125 0.6184895828125 0.6494140625 0.625 0.654296875 0.6184895828125 0.65234375 0.6080729171875 0.6474609375 0.6041666671875 0.642578125 0.61328125
4 0.41015625 0.8684895828125001 0.4013671875 0.8567708328125001 0.390625 0.85546875 0.388671875 0.87890625 0.3994140625 0.8958333328125001 0.4052734375 0.8958333328125001 0.41015625 0.8841145828125001 0.41015625 0.8684895828125001
4 0.4130859375 0.9114583328125001 0.40625 0.91015625 0.4091796875 0.9270833328125001 0.4140625 0.92578125 0.4130859375 0.9114583328125001
4 0.3515625 0.9466145828125001 0.3564453125 0.953125 0.3662109375 0.953125 0.375 0.9440104171874999 0.375 0.9309895828125001 0.3701171875 0.9244791671874999 0.3642578125 0.9244791671874999 0.3515625 0.9388020828125001 0.3515625 0.9466145828125001
4 0.37109375 0.8502604171874999 0.3642578125 0.8359375 0.3544921875 0.8307291671874999 0.34765625 0.8372395828125001 0.345703125 0.84765625 0.3544921875 0.8567708328125001 0.3642578125 0.8567708328125001 0.37109375 0.8502604171874999
4 0.3515625 0.8997395828125001 0.34375 0.87109375 0.3388671875 0.8645833328125001 0.3310546875 0.8645833328125001 0.322265625 0.8763020828125001 0.32421875 0.88671875 0.3408203125 0.9036458328125001 0.3515625 0.8997395828125001
4 0.373046875 0.8893229171874999 0.3662109375 0.8802083328125001 0.357421875 0.8841145828125001 0.3623046875 0.8958333328125001 0.3701171875 0.8958333328125001 0.373046875 0.8893229171874999
4 0.28515625 0.93359375 0.2939453125 0.9609375 0.2978515625 0.9609375 0.31640625 0.9309895828125001 0.30859375 0.9049479171874999 0.2998046875 0.9010416671874999 0.28515625 0.93359375
4 0.283203125 0.8763020828125001 0.2861328125 0.8880208328125001 0.2900390625 0.8880208328125001 0.29296875 0.8815104171874999 0.291015625 0.87109375 0.2861328125 0.8697916671874999 0.283203125 0.8763020828125001
4 0.3984375 0.4466145828125 0.3984375 0.4674479171875 0.4052734375 0.4765625 0.408203125 0.4752604171875 0.40625 0.4466145828125 0.4033203125 0.4427083328125 0.3984375 0.4466145828125
4 0.41015625 0.5716145828125 0.4052734375 0.5677083328125 0.40234375 0.57421875 0.4072265625 0.5859375 0.412109375 0.5794270828125 0.41015625 0.5716145828125
4 0.6503568828125 0.19406714687499999 0.649819796875 0.1890543421875 0.6482085390625001 0.1826093078125 0.644986021875 0.1954993765625 0.6455231078125 0.2062411015625 0.6465972796874999 0.2205634 0.6492827109375 0.2255762046875 0.6541164859374999 0.22987289375 0.655190659375 0.2205634 0.6535794 0.21340225 0.652505228125 0.1990799515625 0.6503568828125 0.19406714687499999
4 0.3963151109375 0.437546225 0.4000747140625 0.43969456874999996 0.40329723125 0.43539787968750004 0.40222305937499997 0.42608838593750004 0.4000747140625 0.4182111203125 0.3947038515625 0.431101190625 0.3963151109375 0.437546225
4 0.390625 0.7669270828125 0.3779296875 0.7630208328125 0.373046875 0.76953125 0.3759765625 0.7734375 0.3896484375 0.7734375 0.390625 0.7669270828125