4 0.6984375 0.98828125 0.0265625 0.0234375
4 0.86328125 0.6419270828125 0.8564453125 0.6354166671875 0.8427734375 0.6328125 0.837890625 0.6393229171875 0.8388671875 0.6510416671875 0.8505859375 0.65625 0.8603515625 0.6510416671875 0.86328125 0.6419270828125
4 0.7998046875 0.6640625 0.810546875 0.6497395828125 0.80859375 0.63671875 0.7978515625 0.625 0.7861328125 0.6276041671875 0.78125 0.63671875 0.7822265625 0.6588541671875 0.7880859375 0.6666666671875 0.7998046875 0.6640625
4 0.59375 0.7174479171875 0.583984375 0.64453125 0.6015625 0.6236979171875 0.6015625 0.6028645828125 0.59765625 0.5950520828125 0.603515625 0.5872395828125 0.603515625 0.56640625 0.595703125 0.55078125 0.595703125 0.54296875 0.6005859375 0.5416666671875 0.603515625 0.5325520828125 0.5966796875 0.5286458328125 0.5927734375 0.5338541671875 0.5849609375 0.5338541671875 0.5712890625 0.5416666671875 0.5703125 0.5455729171875 0.576171875 0.55859375 0.5693359375 0.5651041671875 0.5615234375 0.5572916671875 0.5556640625 0.5598958328125 0.5361328125 0.5911458328125 0.5185546875 0.6041666671875 0.515625 0.6080729171875 0.5146484375 0.6328125 0.517578125 0.6419270828125 0.515625 0.6705729171875 0.5234375 0.6940104171875 0.5380859375 0.7109375 0.5478515625 0.7057291671875 0.5546875 0.7200520828125 0.5634765625 0.7291666671875 0.5771484375 0.7369791671875 0.5830078125 0.734375 0.59375 0.7174479171875
4 0.625 0.3372395828125 0.625 0.33203125 0.634765625 0.3216145828125 0.638671875 0.30859375 0.638671875 0.2903645828125 0.630859375 0.2721354171875 0.63671875 0.2565104171875 0.63671875 0.24088541718749998 0.62890625 0.22786458281250002 0.625 0.20963541718749998 0.6162109375 0.1979166671875 0.6044921875 0.1979166671875 0.5927734375 0.203125 0.5751953125 0.1901041671875 0.5576171875 0.20052083281250002 0.544921875 0.21484375 0.544921875 0.22265625 0.5390625 0.23046875 0.537109375 0.2799479171875 0.529296875 0.2981770828125 0.5302734375 0.3020833328125 0.5390625 0.32421875 0.54296875 0.3450520828125 0.5576171875 0.3697916671875 0.5947265625 0.3932291671875 0.6025390625 0.3802083328125 0.6064453125 0.3828125 0.6142578125 0.3802083328125 0.619140625 0.3684895828125 0.615234375 0.3502604171875 0.625 0.3372395828125
4 0.7880859375 0.2760416671875 0.779296875 0.2799479171875 0.7802734375 0.2942708328125 0.7919921875 0.3098958328125 0.80078125 0.30078125 0.796875 0.28515625 0.7880859375 0.2760416671875
4 0.8095703125 0.296875 0.8134765625 0.3020833328125 0.8203125 0.2955729171875 0.8154296875 0.28125 0.810546875 0.28515625 0.8095703125 0.296875
5 0.7763671875 0.3671875 0.783203125 0.3606770828125 0.779296875 0.3424479171875 0.7724609375 0.3333333328125 0.7646484375 0.3333333328125 0.7578125 0.33984375 0.7587890625 0.3541666671875 0.7646484375 0.3619791671875 0.7763671875 0.3671875
5 0.4755859375 0.7265625 0.4833984375 0.7291666671875 0.4951171875 0.7239583328125 0.5 0.7174479171875 0.5 0.7122395828125 0.4873046875 0.6927083328125 0.4736328125 0.6901041671875 0.46875 0.69921875 0.4697265625 0.7161458328125 0.4755859375 0.7265625
4 0.91407931875 0.6266419109375 0.911262246875 0.6285199593749999 0.910792734375 0.647926453125 0.9248046875 0.6458333328125 0.927734375 0.63671875 0.9248046875 0.6328125 0.91407931875 0.6266419109375
4 0.9022874796875 0.65334693125 0.9063407390625 0.657207178125 0.9105387593750001 0.657207178125 0.9106835171875 0.6502587328125 0.9063407390625 0.64118715 0.9077883312499999 0.635010753125 0.9067750171875 0.63037845625 0.9014189234375 0.63037845625 0.900116090625 0.635203765625 0.9027217562500001 0.6392570265625 0.9022874796875 0.65334693125
5 0.9091796875 0.078125 0.9140625 0.07161458281250001 0.9140625 0.05598958281250001 0.9033203125 0.0442708328125 0.8935546875 0.046875 0.88671875 0.05598958281250001 0.8876953125 0.0625 0.9013671875 0.078125 0.9091796875 0.078125
5 0.84765625 0.0325520828125 0.8447265625 0.0286458328125 0.8388671875 0.0286458328125 0.8359375 0.0325520828125 0.8359375 0.03515625 0.833984375 0.0377604171875 0.833984375 0.04296875 0.8349609375 0.0442708328125 0.8369140625 0.046875 0.8388671875 0.046875 0.8408203125 0.0494791671875 0.8427734375 0.0494791671875 0.8447265625 0.046875 0.8466796875 0.046875 0.849609375 0.04296875 0.849609375 0.0377604171875 0.84765625 0.03515625 0.84765625 0.0325520828125
5 0.638671875 0.13671875 0.6396484375 0.1380208328125 0.640625 0.1393229171875 0.640625 0.1419270828125 0.6416015625 0.1432291671875 0.6533203125 0.1432291671875 0.658203125 0.13671875 0.658203125 0.1236979171875 0.6552734375 0.1197916671875 0.6455078125 0.1197916671875 0.638671875 0.12890625 0.638671875 0.13671875
5 0.5986328125 0.140625 0.599609375 0.1393229171875 0.599609375 0.13671875 0.6015625 0.1341145828125 0.6015625 0.1315104171875 0.599609375 0.12890625 0.599609375 0.1263020828125 0.59765625 0.1236979171875 0.59765625 0.12109375 0.5947265625 0.1171875 0.5927734375 0.1171875 0.5908203125 0.1145833328125 0.5869140625 0.1145833328125 0.5849609375 0.1171875 0.5810546875 0.1171875 0.5791015625 0.1197916671875 0.5771484375 0.1197916671875 0.576171875 0.12109375 0.576171875 0.1236979171875 0.5771484375 0.125 0.578125 0.1263020828125 0.578125 0.12890625 0.580078125 0.1315104171875 0.580078125 0.1341145828125 0.5810546875 0.1354166671875 0.5830078125 0.1354166671875 0.5888671875 0.1432291671875 0.5927734375 0.1432291671875 0.5947265625 0.140625 0.5986328125 0.140625
5 0.4677734375 0.08854166718749999 0.4619140625 0.08854166718749999 0.4599609375 0.09635416718749999 0.4697265625 0.1067708328125 0.47265625 0.1028645828125 0.47265625 0.09505208281250001 0.4677734375 0.08854166718749999
5 0.4453125 0.1549479171875 0.4404296875 0.1458333328125 0.4287109375 0.140625 0.421875 0.1471354171875 0.4228515625 0.1510416671875 0.4306640625 0.1614583328125 0.4404296875 0.1614583328125 0.4453125 0.1549479171875
5 0.4130859375 0.0546875 0.408203125 0.05598958281250001 0.4091796875 0.0625 0.41796875 0.06380208281250001 0.4130859375 0.0546875
5 0.3798828125 0.20833333281250002 0.3701171875 0.20833333281250002 0.3701171875 0.21614583281250002 0.3740234375 0.22135416718749998 0.384765625 0.22005208281250002 0.384765625 0.21484375 0.3798828125 0.20833333281250002
5 0.3525390625 0.2526041671875 0.3427734375 0.2526041671875 0.3427734375 0.265625 0.3486328125 0.2682291671875 0.3525390625 0.265625 0.35546875 0.2565104171875 0.3525390625 0.2526041671875
5 0.2275390625 0.08072916718749999 0.2158203125 0.08072916718749999 0.2138671875 0.09635416718749999 0.2216796875 0.1067708328125 0.234375 0.1002604171875 0.234375 0.09244791718749999 0.2275390625 0.08072916718749999
5 0.216796875 0.69921875 0.212890625 0.6888020828125 0.2080078125 0.6848958328125 0.201171875 0.6888020828125 0.2001953125 0.6979166671875 0.2041015625 0.7057291671875 0.2138671875 0.7057291671875 0.216796875 0.69921875
5 0.173828125 0.73828125 0.1708984375 0.734375 0.1611328125 0.734375 0.15625 0.7408854171875 0.1572265625 0.7447916671875 0.1611328125 0.7526041671875 0.1708984375 0.7526041671875 0.173828125 0.73828125
5 0.2802734375 0.7291666671875 0.2900390625 0.7317708328125 0.29296875 0.7200520828125 0.2880859375 0.7161458328125 0.2802734375 0.71875 0.2802734375 0.7291666671875
5 0.2607421875 0.8333333328125001 0.2529296875 0.8333333328125001 0.2509765625 0.8411458328125001 0.2587890625 0.8463541671874999 0.263671875 0.8424479171874999 0.263671875 0.8372395828125001 0.2607421875 0.8333333328125001
5 0.3974609375 0.828125 0.4052734375 0.8307291671874999 0.408203125 0.8190104171874999 0.4013671875 0.8151041671874999 0.396484375 0.8216145828125001 0.3974609375 0.828125
5 0.4384765625 0.7916666671875 0.4482421875 0.796875 0.455078125 0.7903645828125 0.4501953125 0.7838541671875 0.4423828125 0.7838541671875 0.4384765625 0.7916666671875
5 0.4697265625 0.8541666671874999 0.4716796875 0.859375 0.4794921875 0.859375 0.482421875 0.8502604171874999 0.4736328125 0.8463541671874999 0.4697265625 0.8541666671874999
5 0.4423828125 0.9713541671874999 0.4482421875 0.9739583328125001 0.451171875 0.9700520828125001 0.4482421875 0.9583333328125001 0.44140625 0.9596354171874999 0.4423828125 0.9713541671874999
5 0.626953125 0.80859375 0.6201171875 0.8046875 0.6201171875 0.8125 0.6240234375 0.8151041671874999 0.626953125 0.80859375
5 0.58203125 0.8346354171874999 0.5771484375 0.8307291671874999 0.5751953125 0.8385416671874999 0.5791015625 0.8411458328125001 0.58203125 0.8346354171874999
5 0.5576171875 0.8046875 0.5546875 0.80859375 0.5556640625 0.8151041671874999 0.5634765625 0.8177083328125001 0.56640625 0.8138020828125001 0.564453125 0.8059895828125001 0.5576171875 0.8046875
5 0.44921875 0.40234375 0.44921875 0.39453125 0.4423828125 0.3802083328125 0.4287109375 0.3776041671875 0.4267578125 0.3854166671875 0.4404296875 0.4036458328125 0.4462890625 0.40625 0.44921875 0.40234375
5 0.7529296875 0.109375 0.74609375 0.1106770828125 0.7470703125 0.1223958328125 0.7578125 0.1236979171875 0.7529296875 0.109375
4 0.5947265625 1 0.5966796875 0.9973958328125001 0.6142578125 1 0.625 0.99609375 0.619140625 0.9596354171874999 0.6083984375 0.9453125 0.6015625 0.9440104171874999 0.599609375 0.9388020828125001 0.6015625 0.93359375 0.5986328125 0.9296875 0.5869140625 0.9270833328125001 0.5693359375 0.9036458328125001 0.5654296875 0.9036458328125001 0.546875 0.91796875 0.546875 0.92578125 0.5556640625 0.9296875 0.556640625 0.93359375 0.52734375 0.9700520828125001 0.5263671875 0.9973958328125001 0.5283203125 1 0.5947265625 1