5 0.3463541671875 0.2412109375 0.33984375 0.23828125 0.32421875 0.23828125 0.31640625 0.2421875 0.3151041671875 0.2548828125 0.3294270828125 0.263671875 0.3411458328125 0.2626953125 0.3489583328125 0.2548828125 0.3463541671875 0.2412109375
5 0.3333333328125 0.2978515625 0.32421875 0.2890625 0.3111979171875 0.2890625 0.296875 0.2978515625 0.2942708328125 0.3134765625 0.30078125 0.31640625 0.3203125 0.3154296875 0.3333333328125 0.3095703125 0.3333333328125 0.2978515625
5 0.1497395828125 0.1171875 0.1354166671875 0.1298828125 0.1354166671875 0.1396484375 0.1614583328125 0.1416015625 0.171875 0.1357421875 0.1692708328125 0.1259765625 0.16015625 0.1171875 0.1497395828125 0.1171875
5 0.3463541671875 0.1591796875 0.3489583328125 0.1533203125 0.3450520828125 0.150390625 0.328125 0.1494140625 0.3255208328125 0.1552734375 0.33203125 0.16015625 0.3463541671875 0.1591796875
5 0.24479166718749998 0.0146484375 0.25 0.0126953125 0.2526041671875 0.0009765625 0.23046875 0 0.2265625 0.0107421875 0.23828125 0.015625 0.24479166718749998 0.0146484375
5 0.1497395828125 0.287109375 0.1432291671875 0.2978515625 0.15234375 0.3046875 0.1588541671875 0.3037109375 0.1666666671875 0.2958984375 0.1666666671875 0.2900390625 0.1627604171875 0.287109375 0.1497395828125 0.287109375
5 0.22395833281250002 0.2646484375 0.23177083281250002 0.2587890625 0.23046875 0.251953125 0.20963541718749998 0.25 0.203125 0.2548828125 0.20703125 0.265625 0.22395833281250002 0.2646484375
5 0.2265625 0.3720703125 0.22916666718749998 0.3681640625 0.22526041718749998 0.365234375 0.21484375 0.365234375 0.2109375 0.3681640625 0.21484375 0.373046875 0.2265625 0.3720703125
5 0.16015625 0.455078125 0.1536458328125 0.4580078125 0.1536458328125 0.4638671875 0.1666666671875 0.4697265625 0.171875 0.4677734375 0.171875 0.4619140625 0.16796875 0.45703125 0.16015625 0.455078125
5 0.203125 0.4248046875 0.20442708281250002 0.4296875 0.21614583281250002 0.4287109375 0.21223958281250002 0.421875 0.203125 0.4248046875
5 0.1979166671875 0.4560546875 0.19921875 0.4609375 0.20833333281250002 0.4599609375 0.20703125 0.455078125 0.1979166671875 0.4560546875
5 0.2734375 0.3662109375 0.2747395828125 0.369140625 0.2838541671875 0.3681640625 0.2864583328125 0.3662109375 0.2825520828125 0.36328125 0.2734375 0.3662109375
5 0.2838541671875 0.3193359375 0.28515625 0.326171875 0.296875 0.3251953125 0.29296875 0.318359375 0.2838541671875 0.3193359375
5 0.140625 0.2158203125 0.15234375 0.212890625 0.1640625 0.2021484375 0.1640625 0.1982421875 0.15234375 0.189453125 0.1315104171875 0.189453125 0.1171875 0.2021484375 0.1171875 0.2080078125 0.12890625 0.216796875 0.140625 0.2158203125
5 0.7369791671875 0.3134765625 0.7330729171875 0.310546875 0.7200520828125 0.310546875 0.7135416671875 0.3154296875 0.7135416671875 0.3212890625 0.72265625 0.326171875 0.7317708328125 0.3251953125 0.7369791671875 0.3212890625 0.7369791671875 0.3134765625
5 0.7734375 0.3525390625 0.7565104171875 0.34765625 0.7434895828125 0.349609375 0.734375 0.3583984375 0.734375 0.3662109375 0.7434895828125 0.37109375 0.7630208328125 0.3720703125 0.7734375 0.3642578125 0.7734375 0.3525390625
5 0.3385416671875 0.6318359375 0.34375 0.6259765625 0.3346354171875 0.619140625 0.31640625 0.6171875 0.3125 0.6201171875 0.3138020828125 0.62890625 0.3385416671875 0.6318359375
5 0.3424479171875 0.666015625 0.3359375 0.6708984375 0.3424479171875 0.681640625 0.359375 0.6826171875 0.3645833328125 0.6806640625 0.3645833328125 0.6728515625 0.3528645828125 0.6640625 0.3424479171875 0.666015625
5 0.2864583328125 0.7373046875 0.2864583328125 0.7431640625 0.29296875 0.748046875 0.3098958328125 0.7470703125 0.3177083328125 0.7412109375 0.3111979171875 0.734375 0.29296875 0.732421875 0.2864583328125 0.7373046875
5 0.140625 0.7802734375 0.1484375 0.7763671875 0.14453125 0.76953125 0.1393229171875 0.76953125 0.1328125 0.7744140625 0.1328125 0.7802734375 0.140625 0.7802734375
5 0.08072916718749999 0.7744140625 0.08463541718749999 0.783203125 0.09375 0.7822265625 0.09635416718749999 0.7763671875 0.09244791718749999 0.7734375 0.08072916718749999 0.7744140625
5 0.1927083328125 0.7763671875 0.1940104171875 0.78125 0.20572916718749998 0.7802734375 0.20833333281250002 0.7763671875 0.20442708281250002 0.7734375 0.1927083328125 0.7763671875
5 0.3645833328125 0.9677734375 0.3658854171875 0.9765625 0.3828125 0.9755859375 0.3841145828125 0.96484375 0.37109375 0.962890625 0.3645833328125 0.9677734375
5 0.3619791671875 0.6923828125 0.3619791671875 0.6982421875 0.3658854171875 0.701171875 0.375 0.7001953125 0.3802083328125 0.6923828125 0.3736979171875 0.6875 0.3684895828125 0.6875 0.3619791671875 0.6923828125