2 0.1158854171875 0.49609375 0.1354166671875 0.4951171875 0.1419270828125 0.490234375 0.1627604171875 0.490234375 0.16796875 0.494140625 0.17578125 0.494140625 0.19140625 0.484375 0.20182291718749998 0.482421875 0.21223958281250002 0.486328125 0.2421875 0.4619140625 0.22265625 0.466796875 0.21744791718749998 0.46484375 0.20442708281250002 0.466796875 0.1966145828125 0.462890625 0.1705729171875 0.466796875 0.1549479171875 0.46484375 0.1158854171875 0.474609375 0.109375 0.4814453125 0.1067708328125 0.4912109375 0.1158854171875 0.49609375
2 0.1315104171875 0.212890625 0.1549479171875 0.203125 0.1640625 0.2080078125 0.16796875 0.21484375 0.1979166671875 0.2158203125 0.20833333281250002 0.2099609375 0.20833333281250002 0.1982421875 0.19921875 0.193359375 0.1783854171875 0.193359375 0.16796875 0.201171875 0.1627604171875 0.201171875 0.1575520828125 0.197265625 0.1393229171875 0.197265625 0.12890625 0.193359375 0.08984375 0.1953125 0.06640625 0.19140625 0.0546875 0.1923828125 0.05989583281250001 0.2001953125 0.06901041718749999 0.205078125 0.09244791718749999 0.203125 0.11328125 0.205078125 0.1184895828125 0.21484375 0.1315104171875 0.212890625
2 0.2734375 0.4091796875 0.2708333328125 0.3994140625 0.26171875 0.396484375 0.2526041671875 0.4033203125 0.2552083328125 0.4189453125 0.2526041671875 0.4345703125 0.2708333328125 0.4345703125 0.2760416671875 0.4208984375 0.2734375 0.4091796875
2 0.25 0.7138671875 0.25 0.6982421875 0.24609375 0.6953125 0.23958333281250002 0.7216796875 0.22916666718749998 0.7275390625 0.23046875 0.73046875 0.23697916718749998 0.7294921875 0.2669270828125 0.71875 0.2838541671875 0.6982421875 0.2890625 0.6962890625 0.2916666671875 0.6787109375 0.3020833328125 0.6708984375 0.3020833328125 0.6611328125 0.2877604171875 0.6484375 0.27734375 0.65234375 0.2669270828125 0.662109375 0.23567708281250002 0.66015625 0.23177083281250002 0.6630859375 0.23177083281250002 0.6669921875 0.24479166718749998 0.6728515625 0.24609375 0.681640625 0.25390625 0.6796875 0.2604166671875 0.6826171875 0.2552083328125 0.7138671875 0.25 0.7138671875
2 0.8046875 0.7666015625 0.7942708328125 0.7958984375 0.796875 0.8193359375 0.8098958328125001 0.8388671875 0.8346354171874999 0.857421875 0.8502604171874999 0.861328125 0.8658854171874999 0.87109375 0.9114583328125001 0.8720703125 0.9205729171874999 0.87109375 0.9466145828125001 0.859375 0.9453125 0.8505859375 0.9557291671874999 0.8427734375 0.9440104171874999 0.8359375 0.9205729171874999 0.830078125 0.9088541671874999 0.8173828125 0.9192708328125001 0.7958984375 0.9453125 0.7705078125 0.9479166671874999 0.7626953125 0.9453125 0.7451171875 0.9388020828125001 0.73828125 0.9309895828125001 0.736328125 0.8971354171874999 0.736328125 0.87109375 0.73046875 0.8580729171874999 0.732421875 0.8346354171874999 0.7421875 0.8046875 0.7666015625
5 0.8489583328125001 0.1533203125 0.875 0.1298828125 0.875 0.1220703125 0.8854166671874999 0.1103515625 0.8841145828125001 0.10546875 0.8541666671874999 0.1259765625 0.84375 0.1376953125 0.8385416671874999 0.1494140625 0.8424479171874999 0.154296875 0.8489583328125001 0.1533203125
5 0.94921875 0.283203125 0.9427083328125001 0.2900390625 0.9466145828125001 0.296875 0.9583333328125001 0.2978515625 0.9713541671874999 0.2900390625 0.9713541671874999 0.2861328125 0.96484375 0.28125 0.94921875 0.283203125
5 0.0494791671875 0.0849609375 0.0455729171875 0.076171875 0.0325520828125 0.076171875 0.0234375 0.0830078125 0.0234375 0.0908203125 0.0299479171875 0.09375 0.0364583328125 0.0927734375 0.0455729171875 0.08984375 0.0494791671875 0.0849609375
2 0.24739583281250002 0.1044921875 0.23177083281250002 0.0810546875 0.22526041718749998 0.078125 0.20442708281250002 0.080078125 0.1966145828125 0.083984375 0.1875 0.0830078125 0.1888020828125 0.0859375 0.20182291718749998 0.0859375 0.20572916718749998 0.0888671875 0.20052083281250002 0.0908203125 0.20572916718749998 0.1025390625 0.203125 0.1142578125 0.1901041671875 0.1142578125 0.19140625 0.1171875 0.20052083281250002 0.1181640625 0.203125 0.1318359375 0.20833333281250002 0.1357421875 0.20182291718749998 0.14453125 0.1940104171875 0.142578125 0.1901041671875 0.1455078125 0.19140625 0.1484375 0.20052083281250002 0.1494140625 0.203125 0.1591796875 0.19140625 0.16015625 0.1901041671875 0.1630859375 0.20052083281250002 0.1650390625 0.203125 0.1748046875 0.19140625 0.173828125 0.1875 0.1767578125 0.1901041671875 0.1884765625 0.20572916718749998 0.2001953125 0.20052083281250002 0.2041015625 0.20572916718749998 0.2099609375 0.2109375 0.2041015625 0.2109375 0.1904296875 0.21484375 0.1875 0.22786458281250002 0.19140625 0.23046875 0.1953125 0.234375 0.1923828125 0.234375 0.1884765625 0.22526041718749998 0.1875 0.22395833281250002 0.1826171875 0.23177083281250002 0.1787109375 0.23307291718749998 0.173828125 0.24348958281250002 0.173828125 0.2526041671875 0.1669921875 0.2578125 0.1474609375 0.2552083328125 0.1435546875 0.2578125 0.1279296875 0.25 0.1220703125 0.24739583281250002 0.1044921875
5 0.5807291671875 0.4462890625 0.56640625 0.4453125 0.5481770828125 0.4609375 0.5377604171875 0.462890625 0.5260416671875 0.4716796875 0.5299479171875 0.474609375 0.5390625 0.4736328125 0.5794270828125 0.453125 0.5807291671875 0.4462890625
5 0.3971354171875 0.35546875 0.37890625 0.357421875 0.35546875 0.35546875 0.3528645828125 0.361328125 0.34765625 0.357421875 0.3372395828125 0.359375 0.3216145828125 0.357421875 0.3098958328125 0.3642578125 0.3098958328125 0.3720703125 0.31640625 0.375 0.3802083328125 0.3779296875 0.3997395828125 0.373046875 0.40625 0.3681640625 0.4036458328125 0.3603515625 0.3971354171875 0.35546875
5 0.5690104171875 0.8203125 0.5546875 0.8212890625 0.5638020828125 0.828125 0.5989583328125 0.8330078125 0.6067708328125 0.8291015625 0.6002604171875 0.82421875 0.5794270828125 0.82421875 0.5690104171875 0.8203125
5 0.4947916671875 0.9638671875 0.4934895828125 0.95703125 0.4752604171875 0.951171875 0.4713541671875 0.9541015625 0.4778645828125 0.9609375 0.48828125 0.96484375 0.4947916671875 0.9638671875
5 0.6692708328125 0.7978515625 0.6705729171875 0.787109375 0.6549479171875 0.78515625 0.6432291671875 0.7900390625 0.6432291671875 0.7939453125 0.65234375 0.798828125 0.6692708328125 0.7978515625
5 0.3854166671875 0.9697265625 0.3971354171875 0.9765625 0.4114583328125 0.9755859375 0.4166666671875 0.9677734375 0.40234375 0.962890625 0.3854166671875 0.9697265625